Dot Number,Position,Metric1,Metric2,Metric3,Metric4
0,top left,1.11,1.11,0.0009,-1.0
0,top left,1.11,1.11,0.0008,-6.07
0,top left,1.15,1.15,0.0011,-2.78
0,top left,1.16,1.16,0.0012,1.33
0,top left,1.19,1.19,0.0016,-3.16
0,top left,1.18,1.18,0.0014,-4.91
0,top left,1.09,1.09,0.0007,-5.53
0,top left,1.15,1.15,0.0012,-6.14
0,top left,1.1,1.1,0.0008,-4.15
0,top left,1.12,1.12,0.0009,0.22
0,top left,1.25,1.25,0.0019,-2.02
0,top left,1.05,0.95,0.0005,-9.28
0,top left,1.11,1.11,0.0009,-5.12
0,top left,1.06,1.06,0.0005,0.87
0,top left,1.12,1.12,0.001,-2.5
0,top left,1.08,1.08,0.0006,-5.14
0,top left,1.14,1.14,0.0011,-4.48
0,top left,1.05,1.05,0.0004,-2.55
0,top left,1.13,1.13,0.0011,-3.0
0,top left,1.2,1.2,0.0016,-7.39
0,top left,1.06,1.06,0.0005,-2.65
0,top left,1.12,1.12,0.001,-3.6
0,top left,1.03,0.97,0.0003,-1.82
0,top left,1.02,0.98,0.0002,-1.8
0,top left,1.19,1.19,0.0015,-1.8
0,top left,1.21,1.21,0.0016,0.54
0,top left,1.12,1.12,0.001,-9.41
0,top left,1.22,1.22,0.0016,-1.58
0,top left,1.18,1.18,0.0014,-5.42
0,top left,1.26,1.26,0.002,0.42
0,top left,1.18,1.18,0.0015,-5.15
0,top left,1.24,1.24,0.0018,-1.64
0,top left,1.14,1.14,0.0011,0.34
0,top left,1.12,1.12,0.001,-8.22
0,top left,1.29,1.29,0.0024,-4.1
0,top left,1.59,1.59,0.0046,1.47
0,top left,1.28,1.28,0.0021,-2.65
0,top left,1.15,1.15,0.0012,0.45
0,top left,1.02,0.98,0.0001,2.93
0,top left,1.47,1.47,0.0037,-13.42
0,top left,1.06,0.94,0.0005,-2.46
0,top left,1.47,1.47,0.0036,-0.95
0,top left,1.08,1.08,0.0007,11.2
0,top left,1.04,1.04,0.0003,6.4
0,top left,1.09,1.09,0.0008,5.53
0,top left,1.26,1.26,0.0022,5.17
0,top left,1.22,1.22,0.0016,4.95
0,top left,1.22,1.22,0.0018,1.25
0,top left,1.41,1.41,0.0034,2.04
0,top left,1.01,0.99,0.0001,-4.82
0,top left,1.64,1.64,0.0056,-4.25
0,top left,2.07,2.07,0.0099,0.42
0,top left,1.16,1.16,0.0014,1.72
0,top left,1.55,1.55,0.0052,1.89
0,top left,1.12,1.12,0.0011,6.96
0,top left,1.33,1.33,0.0031,-0.72
0,top left,1.01,0.99,0.0001,6.59
0,top left,1.07,1.07,0.0006,6.31
0,top left,1.31,1.31,0.0025,0.26
0,top left,1.39,1.39,0.0039,1.1
0,top left,1.6,1.6,0.0055,0.45
0,top left,1.23,1.23,0.0022,2.0
0,top left,1.3,1.3,0.0025,-3.78
0,top left,1.18,1.18,0.0018,-4.43
0,top left,1.11,0.9,0.001,4.28
0,top left,1.18,1.18,0.0017,-1.85
0,top left,1.02,0.98,0.0002,3.11
0,top left,1.18,1.18,0.0017,-1.25
0,top left,1.25,1.25,0.0023,-1.73
0,top left,1.14,1.14,0.0013,1.3
0,top left,1.16,1.16,0.0015,1.5
0,top left,1.07,1.07,0.0007,6.13
0,top left,1.07,1.07,0.0007,1.41
0,top left,1.01,0.99,0.0001,-0.3
0,top left,1.04,0.96,0.0004,-0.17
0,top left,1.13,1.13,0.0011,-2.19
0,top left,1.05,1.05,0.0005,-4.09
0,top left,1.02,1.02,0.0002,-3.69
0,top left,1.02,1.02,0.0002,2.71
0,top left,1.08,1.08,0.0008,-1.26
0,top left,1.12,1.12,0.0011,1.13
0,top left,1.07,0.93,0.0007,-3.09
0,top left,1.13,1.13,0.0011,1.31
0,top left,1.06,1.06,0.0006,3.22
0,top left,1.15,1.15,0.0014,-1.57
0,top left,1.28,1.28,0.0024,-2.29
0,top left,1.27,1.27,0.0023,2.94
0,top left,1.18,1.18,0.0018,1.92
0,top left,1.24,1.24,0.0022,2.26
0,top left,1.03,1.03,0.0003,4.85
0,top left,1.03,1.03,0.0004,3.0
0,top left,1.01,0.99,0.0001,0.13
0,top left,1.0,1.0,0.0,-1.39
0,top left,1.06,0.94,0.0007,-3.28
0,top left,1.08,1.08,0.0008,3.09
0,top left,1.23,1.23,0.002,-1.1
0,top left,1.18,1.18,0.0018,-2.07
0,top left,1.05,1.05,0.0006,-4.39
0,top left,1.11,0.9,0.0012,-5.45
0,top left,1.14,0.88,0.0014,-3.9
0,top left,1.05,0.95,0.0006,-1.33
0,top left,1.08,0.92,0.0009,-4.29
0,top left,1.07,0.93,0.0008,-1.66
0,top left,1.09,0.92,0.001,-4.64
0,top left,1.21,0.82,0.0021,-2.77
0,top left,1.15,0.87,0.0015,-2.76
0,top left,1.15,0.87,0.0014,-3.4
0,top left,1.07,0.94,0.0007,-2.02
0,top left,1.17,0.85,0.0017,-1.81
0,top left,1.12,0.89,0.0012,-0.43
0,top left,1.12,0.89,0.0012,1.23
0,top left,1.16,0.86,0.0015,-0.52
0,top left,1.1,0.91,0.001,-0.96
0,top left,1.09,0.92,0.0009,-7.66
0,top left,1.04,1.04,0.0004,-2.03
0,top left,1.09,0.92,0.0009,-1.63
0,top left,1.04,1.04,0.0004,1.45
0,top left,1.01,0.99,0.0001,2.02
0,top left,1.06,1.06,0.0006,-0.49
0,top left,1.03,0.98,0.0002,1.54
0,top left,1.1,1.1,0.0009,-3.7
0,top left,1.09,1.09,0.0007,1.12
0,top left,1.15,1.15,0.0012,-4.43
0,top left,1.15,1.15,0.0011,2.47
0,top left,1.14,1.14,0.0011,-0.64
0,top left,1.09,1.09,0.0007,1.59
0,top left,1.11,1.11,0.0009,-3.56
0,top left,1.12,1.12,0.001,-1.22
0,top left,1.01,1.01,0.0001,-0.28
0,top left,1.01,1.01,0.0001,-3.72
0,top left,1.22,1.22,0.0017,-2.73
0,top left,1.11,1.11,0.0008,-7.76
0,top left,1.01,1.01,0.0001,-3.44
0,top left,1.09,1.09,0.0007,-7.44
0,top left,1.02,1.02,0.0001,-3.8
0,top left,1.08,1.08,0.0007,-4.45
0,top left,1.06,1.06,0.0005,-4.15
0,top left,1.27,1.27,0.0021,-7.05
0,top left,1.07,1.07,0.0006,-6.17
0,top left,1.04,0.97,0.0003,-3.71
0,top left,1.0,1.0,0.0,-5.46
0,top left,1.05,1.05,0.0004,-5.03
0,top left,1.12,1.12,0.001,-4.62
0,top left,1.05,1.05,0.0004,-5.05
0,top left,1.09,1.09,0.0007,-7.58
0,top left,1.02,1.02,0.0002,-5.08
0,top left,1.1,1.1,0.0008,-3.51
0,top left,1.1,1.1,0.0008,-2.82
0,top left,1.18,1.18,0.0013,-10.21
0,top left,1.24,1.24,0.0017,-6.0
0,top left,1.13,1.13,0.0011,-5.32
0,top left,1.08,1.08,0.0006,-5.07
0,top left,1.1,1.1,0.0008,-1.9
0,top left,1.12,1.12,0.001,-5.64
0,top left,1.01,1.01,0.0001,-7.76
0,top left,1.17,1.17,0.0013,-5.7
0,top left,1.09,1.09,0.0007,-5.72
0,top left,1.12,1.12,0.001,-6.64
0,top left,1.11,1.11,0.0008,-4.95
1,top center,1.01,0.99,0.0001,-5.52
1,top center,1.06,1.06,0.0005,-4.84
1,top center,1.1,1.1,0.0008,-1.1
1,top center,1.03,1.03,0.0003,-4.32
1,top center,1.06,1.06,0.0004,-7.24
1,top center,1.14,1.14,0.0011,-0.19
1,top center,1.0,1.0,0.0,-1.15
1,top center,1.01,1.01,0.0001,-1.48
1,top center,1.0,1.0,0.0,-0.87
1,top center,1.02,0.98,0.0002,-2.4
1,top center,1.06,1.06,0.0005,-1.92
1,top center,1.16,1.16,0.0012,-4.39
1,top center,1.05,0.96,0.0004,-5.63
1,top center,1.12,0.89,0.001,-6.48
1,top center,1.07,0.93,0.0007,-3.98
1,top center,1.13,0.88,0.0011,-2.12
1,top center,1.07,1.07,0.0006,-1.7
1,top center,1.05,1.05,0.0004,-2.86
1,top center,1.0,1.0,0.0,-6.27
1,top center,1.06,1.06,0.0005,1.01
1,top center,1.08,1.08,0.0006,-2.11
1,top center,1.06,1.06,0.0004,1.23
1,top center,1.12,1.12,0.0009,0.98
1,top center,1.16,1.16,0.0012,3.46
1,top center,1.15,1.15,0.0011,-0.98
1,top center,1.1,1.1,0.0008,4.39
1,top center,1.02,1.02,0.0001,2.74
1,top center,1.07,1.07,0.0005,1.47
1,top center,1.14,1.14,0.001,2.55
1,top center,1.12,1.12,0.0009,2.81
1,top center,1.2,1.2,0.0015,2.76
1,top center,1.24,1.24,0.0016,1.95
1,top center,1.06,1.06,0.0005,6.37
1,top center,1.04,1.04,0.0003,4.66
1,top center,1.13,1.13,0.001,9.2
1,top center,1.25,1.25,0.0018,6.59
1,top center,1.03,1.03,0.0003,6.76
1,top center,1.02,1.02,0.0001,-1.86
1,top center,1.07,1.07,0.0006,2.27
1,top center,1.11,1.11,0.0009,4.13
1,top center,1.2,1.2,0.0014,4.13
1,top center,1.16,1.16,0.0011,0.36
1,top center,1.11,1.11,0.0009,6.48
1,top center,1.06,1.06,0.0005,1.4
1,top center,1.09,1.09,0.0007,3.09
1,top center,1.18,1.18,0.0013,6.5
1,top center,1.07,1.07,0.0005,4.13
1,top center,1.04,0.96,0.0003,3.51
1,top center,1.13,1.13,0.001,5.82
1,top center,1.0,1.0,0.0,2.39
1,top center,1.0,1.0,0.0,-2.41
1,top center,1.08,0.93,0.0007,5.13
1,top center,1.11,1.11,0.001,0.71
1,top center,1.0,1.0,0.0,0.58
1,top center,1.02,0.98,0.0002,2.67
1,top center,1.07,1.07,0.0006,5.46
1,top center,1.08,0.92,0.0007,3.6
1,top center,1.07,0.93,0.0006,5.63
1,top center,1.07,1.07,0.0006,5.97
1,top center,1.01,0.99,0.0001,2.93
1,top center,1.0,1.0,0.0,4.38
1,top center,1.1,0.91,0.0009,4.73
1,top center,1.0,1.0,0.0,0.29
1,top center,1.06,0.94,0.0005,1.18
1,top center,1.04,0.96,0.0003,3.02
1,top center,1.0,1.0,0.0,0.54
1,top center,1.02,1.02,0.0001,3.43
1,top center,1.03,1.03,0.0002,3.75
1,top center,1.11,1.11,0.0008,1.4
1,top center,1.02,0.98,0.0002,0.95
1,top center,1.07,0.93,0.0006,-0.64
1,top center,1.09,0.92,0.0007,-2.94
1,top center,1.07,0.94,0.0005,-1.62
1,top center,1.04,1.04,0.0003,-1.61
1,top center,1.0,1.0,0.0,1.62
1,top center,1.07,1.07,0.0005,2.85
1,top center,1.08,0.93,0.0006,-3.81
1,top center,1.04,1.04,0.0003,2.37
1,top center,1.11,1.11,0.0008,-0.04
1,top center,1.03,0.97,0.0002,1.74
1,top center,1.04,1.04,0.0003,-0.75
1,top center,1.13,0.88,0.0012,3.98
1,top center,1.09,0.91,0.0009,2.33
1,top center,1.09,0.92,0.0009,-1.4
1,top center,1.05,0.95,0.0005,3.5
1,top center,1.2,0.83,0.0019,-1.09
1,top center,1.08,0.92,0.0008,0.5
1,top center,1.17,0.85,0.0016,4.09
1,top center,1.07,0.93,0.0007,2.97
1,top center,1.18,0.85,0.0017,0.83
1,top center,1.04,0.96,0.0004,-1.92
1,top center,1.03,1.03,0.0003,2.91
1,top center,1.08,0.93,0.0008,1.88
1,top center,1.05,0.95,0.0005,0.51
1,top center,1.13,0.89,0.0012,0.23
1,top center,1.1,0.91,0.001,3.81
1,top center,1.01,1.01,0.0001,-0.93
1,top center,1.02,0.98,0.0002,-1.0
1,top center,1.0,1.0,0.0,-2.54
1,top center,1.08,0.92,0.0008,0.38
1,top center,1.01,0.99,0.0001,-0.31
1,top center,1.08,0.92,0.0007,-2.94
1,top center,1.04,0.96,0.0003,0.0
1,top center,1.08,0.93,0.0007,-1.23
1,top center,1.08,1.08,0.0007,-2.86
1,top center,1.11,1.11,0.001,-1.82
1,top center,1.05,1.05,0.0005,-1.79
1,top center,1.05,1.05,0.0004,-1.27
1,top center,1.05,1.05,0.0004,-2.59
1,top center,1.06,1.06,0.0005,-4.32
1,top center,1.05,1.05,0.0004,-1.04
1,top center,1.02,1.02,0.0002,-2.17
1,top center,1.01,0.99,0.0001,-3.31
1,top center,1.08,1.08,0.0007,-3.4
1,top center,1.01,1.01,0.0001,-4.71
1,top center,1.04,1.04,0.0004,-1.78
1,top center,1.08,1.08,0.0007,-1.8
1,top center,1.01,0.99,0.0001,0.82
1,top center,1.0,1.0,0.0,1.09
1,top center,1.01,0.99,0.0001,-0.49
1,top center,1.02,0.98,0.0001,0.39
1,top center,1.09,1.09,0.0008,-3.67
1,top center,1.04,1.04,0.0004,-0.01
1,top center,1.02,1.02,0.0002,-1.87
1,top center,1.0,1.0,0.0,0.41
1,top center,1.09,0.92,0.0008,-1.21
1,top center,1.07,0.94,0.0006,-4.32
1,top center,1.01,0.99,0.0001,-0.12
1,top center,1.02,0.98,0.0002,-2.03
1,top center,1.01,1.01,0.0001,-2.89
1,top center,1.08,1.08,0.0007,-4.88
1,top center,1.2,1.2,0.0016,-0.01
1,top center,1.02,1.02,0.0001,-4.72
1,top center,1.08,1.08,0.0007,0.83
1,top center,1.14,1.14,0.0012,-0.9
1,top center,1.12,1.12,0.001,-0.05
1,top center,1.05,1.05,0.0004,-1.59
1,top center,1.05,1.05,0.0005,0.39
1,top center,1.11,1.11,0.001,0.01
1,top center,1.09,1.09,0.0008,-3.34
1,top center,1.09,1.09,0.0008,-1.58
1,top center,1.09,1.09,0.0008,-0.95
1,top center,1.01,0.99,0.0001,-4.09
1,top center,1.03,1.03,0.0003,-2.96
1,top center,1.15,1.15,0.0013,-0.71
1,top center,1.02,1.02,0.0002,1.42
1,top center,1.04,1.04,0.0004,-0.99
1,top center,1.06,0.95,0.0005,1.94
1,top center,1.07,1.07,0.0006,-1.72
1,top center,1.0,1.0,0.0,-1.27
1,top center,1.13,1.13,0.0011,-0.76
1,top center,1.07,1.07,0.0006,-1.59
1,top center,1.06,1.06,0.0006,-1.4
1,top center,1.07,1.07,0.0007,-0.94
1,top center,1.09,1.09,0.0008,-2.62
1,top center,1.07,0.93,0.0007,1.58
1,top center,1.01,0.99,0.0001,-3.6
1,top center,1.08,1.08,0.0007,-3.97
1,top center,1.03,1.03,0.0003,0.39
1,top center,1.02,1.02,0.0002,-6.06
1,top center,1.05,1.05,0.0004,-0.32
1,top center,1.13,1.13,0.0011,0.73
1,top center,1.1,1.1,0.0009,0.58
1,top center,1.09,1.09,0.0007,-2.39
1,top center,1.08,1.08,0.0007,-4.96
1,top center,1.05,1.05,0.0005,-3.66
1,top center,1.02,1.02,0.0002,-2.98
1,top center,1.1,1.1,0.0009,-2.85
1,top center,1.17,1.17,0.0015,-3.37
1,top center,1.07,1.07,0.0006,-4.07
1,top center,1.08,1.08,0.0007,-1.33
1,top center,1.04,1.04,0.0003,-0.25
1,top center,1.09,1.09,0.0008,-0.75
1,top center,1.1,1.1,0.0008,-3.1
1,top center,1.1,1.1,0.0008,2.18
1,top center,1.04,1.04,0.0003,1.7
1,top center,1.02,1.02,0.0002,0.94
1,top center,1.02,0.98,0.0002,-0.04
1,top center,1.07,1.07,0.0006,2.42
1,top center,1.07,1.07,0.0006,1.48
1,top center,1.12,1.12,0.001,-0.57
1,top center,1.09,1.09,0.0007,-4.9
1,top center,1.13,1.13,0.0011,1.28
1,top center,1.15,1.15,0.0013,-0.4
1,top center,1.02,0.98,0.0002,-2.2
1,top center,1.02,1.02,0.0002,-0.49
1,top center,1.04,1.04,0.0004,0.69
1,top center,1.06,0.95,0.0005,0.03
1,top center,1.01,1.01,0.0,-1.72
1,top center,1.02,1.02,0.0002,-2.38
1,top center,1.12,1.12,0.001,3.67
1,top center,1.05,1.05,0.0005,2.66
1,top center,1.05,0.96,0.0004,1.04
1,top center,1.04,1.04,0.0004,0.3
1,top center,1.02,1.02,0.0001,-1.3
1,top center,1.13,1.13,0.0011,-0.35
1,top center,1.11,1.11,0.0009,-1.44
1,top center,1.06,1.06,0.0005,0.09
1,top center,1.01,0.99,0.0001,-0.91
1,top center,1.07,1.07,0.0006,-0.63
1,top center,1.04,1.04,0.0004,1.17
1,top center,1.09,1.09,0.0008,0.63
1,top center,1.06,1.06,0.0005,-1.44
1,top center,1.08,1.08,0.0007,1.23
1,top center,1.06,1.06,0.0005,2.0
1,top center,1.14,1.14,0.0012,-0.45
1,top center,1.18,1.18,0.0015,1.47
1,top center,1.03,1.03,0.0003,-1.12
1,top center,1.1,1.1,0.0009,-0.23
1,top center,1.06,1.06,0.0005,-0.19
1,top center,1.11,1.11,0.0009,-0.7
1,top center,1.01,0.99,0.0,2.47
1,top center,1.01,0.99,0.0001,-1.08
1,top center,1.22,1.22,0.0019,-1.75
1,top center,1.01,0.99,0.0001,-0.31
1,top center,1.09,1.09,0.0009,-1.96
1,top center,1.09,1.09,0.0008,-0.03
1,top center,1.09,1.09,0.0008,0.26
1,top center,1.08,1.08,0.0007,-2.09
1,top center,1.02,1.02,0.0002,3.38
1,top center,1.0,1.0,0.0,3.36
1,top center,1.09,1.09,0.0009,0.13
1,top center,1.05,1.05,0.0004,-0.85
1,top center,1.03,1.03,0.0003,3.92
1,top center,1.03,0.97,0.0003,-0.2
1,top center,1.12,1.12,0.0011,-1.57
1,top center,1.11,1.11,0.0009,-1.66
1,top center,1.01,1.01,0.0001,-1.3
1,top center,1.04,1.04,0.0004,-3.97
1,top center,1.03,0.97,0.0003,0.86
1,top center,1.02,0.98,0.0002,-0.26
1,top center,1.07,1.07,0.0006,1.06
1,top center,1.09,1.09,0.0008,2.24
1,top center,1.03,1.03,0.0003,-1.3
1,top center,1.02,1.02,0.0001,-1.5
1,top center,1.01,1.01,0.0001,-3.96
1,top center,1.07,1.07,0.0006,0.04
1,top center,1.09,1.09,0.0008,-0.52
1,top center,1.03,1.03,0.0003,-0.14
1,top center,1.11,1.11,0.001,-3.8
1,top center,1.09,1.09,0.0007,-1.85
1,top center,1.05,1.05,0.0005,1.36
1,top center,1.01,1.01,0.0001,-0.75
1,top center,1.07,1.07,0.0007,1.05
1,top center,1.1,1.1,0.0009,0.66
1,top center,1.05,1.05,0.0004,1.12
1,top center,1.13,1.13,0.0011,1.16
2,top right,1.17,1.17,0.0015,-0.05
2,top right,1.14,1.14,0.0011,-1.49
2,top right,1.02,1.02,0.0002,-1.28
2,top right,1.19,1.19,0.0016,-0.88
2,top right,1.0,1.0,0.0,0.1
2,top right,1.02,1.02,0.0002,-1.44
2,top right,1.06,1.06,0.0005,-0.82
2,top right,1.02,0.98,0.0002,-1.19
2,top right,1.1,1.1,0.0009,0.43
2,top right,1.01,1.01,0.0001,-0.54
2,top right,1.09,1.09,0.0008,0.89
2,top right,1.03,1.03,0.0003,0.07
2,top right,1.06,1.06,0.0005,1.92
2,top right,1.08,0.93,0.0007,-1.53
2,top right,1.05,1.05,0.0004,-0.07
2,top right,1.02,1.02,0.0002,0.52
2,top right,1.07,1.07,0.0006,-1.4
2,top right,1.01,1.01,0.0001,-0.34
2,top right,1.01,0.99,0.0001,0.32
2,top right,1.04,1.04,0.0004,-4.41
2,top right,1.09,1.09,0.0008,0.29
2,top right,1.03,1.03,0.0003,2.43
2,top right,1.09,1.09,0.0008,-1.75
2,top right,1.02,1.02,0.0002,0.52
2,top right,1.11,1.11,0.0009,-1.94
2,top right,1.07,0.93,0.0006,-4.01
2,top right,1.05,0.95,0.0005,0.35
2,top right,1.05,1.05,0.0004,-2.28
2,top right,1.01,1.01,0.0001,-2.08
2,top right,1.08,1.08,0.0007,1.98
2,top right,1.05,1.05,0.0004,-2.87
2,top right,1.07,1.07,0.0006,2.45
2,top right,1.06,1.06,0.0005,0.01
2,top right,1.05,1.05,0.0005,1.31
2,top right,1.0,1.0,0.0,1.19
2,top right,1.05,1.05,0.0004,-2.48
2,top right,1.03,1.03,0.0003,-0.07
2,top right,1.05,1.05,0.0004,0.78
2,top right,1.01,1.01,0.0001,-2.27
2,top right,1.01,1.01,0.0001,-4.05
2,top right,1.07,1.07,0.0006,-0.48
2,top right,1.05,1.05,0.0004,-1.04
2,top right,1.08,1.08,0.0007,-1.59
2,top right,1.02,1.02,0.0001,-0.3
2,top right,1.07,1.07,0.0006,-0.05
2,top right,1.04,0.96,0.0003,3.28
2,top right,1.01,1.01,0.0001,-1.66
2,top right,1.07,1.07,0.0006,0.09
2,top right,1.02,1.02,0.0002,-3.17
2,top right,1.15,1.15,0.0013,0.07
2,top right,1.18,1.18,0.0015,-1.65
2,top right,1.05,1.05,0.0005,2.2
2,top right,1.06,1.06,0.0005,2.09
2,top right,1.0,1.0,0.0,-1.56
2,top right,1.03,1.03,0.0002,-2.05
2,top right,1.04,1.04,0.0004,0.73
2,top right,1.03,1.03,0.0003,0.42
2,top right,1.07,1.07,0.0006,2.44
2,top right,1.09,1.09,0.0008,3.55
2,top right,1.05,1.05,0.0005,-1.07
2,top right,1.06,1.06,0.0005,-2.72
2,top right,1.04,1.04,0.0004,3.69
2,top right,1.03,1.03,0.0002,-1.43
2,top right,1.03,1.03,0.0003,2.7
2,top right,1.03,0.97,0.0003,1.31
2,top right,1.08,1.08,0.0007,0.79
2,top right,1.13,1.13,0.0011,1.8
2,top right,1.14,1.14,0.0012,1.73
2,top right,1.0,1.0,0.0,-0.71
2,top right,1.03,0.97,0.0003,-0.82
2,top right,1.09,1.09,0.0008,2.62
2,top right,1.07,1.07,0.0006,1.44
2,top right,1.05,1.05,0.0005,1.17
2,top right,1.01,1.01,0.0001,1.27
2,top right,1.05,1.05,0.0005,-0.24
2,top right,1.05,1.05,0.0005,-2.23
2,top right,1.07,1.07,0.0006,0.28
2,top right,1.05,1.05,0.0005,0.3
2,top right,1.01,0.99,0.0001,-2.42
2,top right,1.06,1.06,0.0005,2.56
2,top right,1.18,1.18,0.0015,0.75
2,top right,1.04,1.04,0.0003,-2.01
2,top right,1.0,1.0,0.0,3.14
2,top right,1.03,0.97,0.0004,1.08
2,top right,1.02,1.02,0.0002,-0.81
2,top right,1.02,1.02,0.0002,-2.65
2,top right,1.07,1.07,0.0007,0.41
2,top right,1.06,0.95,0.0006,4.75
2,top right,1.06,1.06,0.0006,-1.72
2,top right,1.11,1.11,0.0012,-4.4
2,top right,1.01,1.01,0.0001,-4.07
2,top right,1.02,1.02,0.0002,-0.01
2,top right,1.0,1.0,0.0,-2.99
2,top right,1.16,1.16,0.0016,-0.2
2,top right,1.04,1.04,0.0005,-3.77
2,top right,1.06,1.06,0.0006,-2.03
2,top right,1.11,1.11,0.0011,1.44
2,top right,1.05,0.95,0.0006,-2.37
2,top right,1.04,0.96,0.0005,-2.24
2,top right,1.04,0.96,0.0004,0.5
2,top right,1.06,0.95,0.0006,-1.24
2,top right,1.02,0.98,0.0002,-2.04
2,top right,1.09,0.92,0.0009,-2.74
2,top right,1.06,1.06,0.0007,-2.37
2,top right,1.1,0.91,0.0011,-2.64
2,top right,1.02,1.02,0.0002,-1.17
2,top right,1.06,1.06,0.0006,-4.39
2,top right,1.09,1.09,0.0009,-3.0
2,top right,1.02,0.98,0.0002,-3.21
2,top right,1.07,1.07,0.0008,-7.33
2,top right,1.14,1.14,0.0015,-7.04
2,top right,1.05,1.05,0.0005,-1.47
2,top right,1.08,1.08,0.0009,-2.25
2,top right,1.06,1.06,0.0006,1.33
2,top right,1.0,1.0,0.0,-1.03
2,top right,1.01,1.01,0.0001,-3.92
2,top right,1.03,1.03,0.0003,-4.0
2,top right,1.01,0.99,0.0001,0.91
2,top right,1.02,1.02,0.0002,-0.41
2,top right,1.14,1.14,0.0014,-1.94
2,top right,1.03,0.97,0.0003,-3.43
2,top right,1.1,1.1,0.001,-1.11
2,top right,1.32,1.32,0.0031,-3.65
2,top right,1.16,1.16,0.0015,-2.31
2,top right,1.17,1.17,0.0016,1.76
2,top right,1.26,1.26,0.0023,5.09
2,top right,1.26,1.26,0.0023,8.18
2,top right,1.19,1.19,0.0018,4.16
2,top right,1.13,1.13,0.0012,3.48
2,top right,1.2,1.2,0.0019,8.19
2,top right,1.29,1.29,0.0026,2.23
2,top right,1.13,1.13,0.0011,3.44
2,top right,1.34,1.34,0.0033,3.22
2,top right,1.08,1.08,0.0008,6.02
2,top right,1.1,1.1,0.001,5.63
2,top right,1.2,1.2,0.0019,4.57
2,top right,1.01,1.01,0.0002,6.97
2,top right,1.12,1.12,0.0011,2.26
2,top right,1.16,1.16,0.0015,4.46
2,top right,1.06,1.06,0.0006,6.37
2,top right,1.14,1.14,0.0014,3.04
2,top right,1.1,1.1,0.0011,1.01
2,top right,1.8,1.8,0.0063,13.53
2,top right,1.79,1.79,0.0066,0.55
2,top right,1.35,1.35,0.0035,6.24
2,top right,1.25,1.25,0.0023,3.4
2,top right,1.31,1.31,0.003,1.85
2,top right,1.19,1.19,0.0018,2.35
2,top right,1.05,1.05,0.0005,1.14
2,top right,1.21,1.21,0.0021,0.0
2,top right,1.18,1.18,0.0018,-3.47
2,top right,1.17,1.17,0.0018,-4.25
2,top right,1.12,1.12,0.0013,-3.07
2,top right,1.13,1.13,0.0014,-0.19
2,top right,1.22,1.22,0.0022,-2.02
2,top right,1.11,1.11,0.0013,1.79
2,top right,1.05,1.05,0.0005,-1.09
2,top right,1.3,1.3,0.0028,2.47
2,top right,1.14,1.14,0.0015,-1.37
2,top right,1.13,1.13,0.0013,-0.96
2,top right,1.08,1.08,0.0009,-1.01
2,top right,1.17,1.17,0.0017,1.55
2,top right,1.14,1.14,0.0014,-1.04
2,top right,1.18,1.18,0.0018,-0.01
2,top right,1.2,1.2,0.0019,1.77
2,top right,1.17,1.17,0.0017,1.72
2,top right,1.23,1.23,0.0023,-1.22
2,top right,1.33,1.33,0.0033,-1.49
2,top right,1.16,1.16,0.0016,-2.21
2,top right,1.25,1.25,0.0023,1.99
2,top right,1.33,1.33,0.003,-0.75
2,top right,1.33,1.33,0.0029,0.78
2,top right,1.35,1.35,0.0031,-0.15
2,top right,1.28,1.28,0.0027,-1.58
2,top right,1.29,1.29,0.0029,-1.47
2,top right,1.27,1.27,0.0025,0.1
2,top right,1.34,1.34,0.0029,-0.4
2,top right,1.25,1.25,0.0025,-0.38
2,top right,1.14,1.14,0.0013,-0.38
2,top right,1.21,1.21,0.002,6.03
2,top right,1.16,1.16,0.0016,-1.37
2,top right,1.18,1.18,0.0017,0.43
2,top right,1.25,1.25,0.0022,0.49
2,top right,1.34,1.34,0.0028,3.31
2,top right,1.24,1.24,0.0021,8.64
2,top right,1.3,1.3,0.0028,5.69
2,top right,1.25,1.25,0.0022,5.49
2,top right,1.36,1.36,0.0032,3.29
2,top right,1.42,1.42,0.0033,4.75
2,top right,1.25,1.25,0.0023,3.74
2,top right,1.27,1.27,0.0024,-0.4
2,top right,1.32,1.32,0.0028,4.8
2,top right,1.28,1.28,0.0026,2.9
2,top right,1.27,1.27,0.0024,5.39
2,top right,1.27,1.27,0.0026,0.1
2,top right,1.38,1.38,0.0034,5.03
2,top right,1.36,1.36,0.0033,2.91
2,top right,1.17,1.17,0.0016,6.65
2,top right,1.37,1.37,0.0033,2.1
2,top right,1.37,1.37,0.0031,2.28
2,top right,1.27,1.27,0.0024,2.67
2,top right,1.45,1.45,0.0039,-0.95
2,top right,1.29,1.29,0.0026,5.66
2,top right,1.28,1.28,0.0025,2.39
2,top right,1.3,1.3,0.0028,0.7
2,top right,1.41,1.41,0.0035,-0.86
2,top right,1.3,1.3,0.0029,1.06
2,top right,1.25,1.25,0.0026,1.81
2,top right,1.26,1.26,0.0024,0.23
2,top right,1.2,1.2,0.0019,2.01
2,top right,1.27,1.27,0.0024,0.54
2,top right,1.25,1.25,0.0023,4.51
2,top right,1.3,1.3,0.0026,5.75
2,top right,1.3,1.3,0.0025,1.86
2,top right,1.19,1.19,0.0018,3.3
2,top right,1.39,1.39,0.0032,3.77
2,top right,1.29,1.29,0.0025,2.58
2,top right,1.5,1.5,0.0041,-0.03
2,top right,1.28,1.28,0.0025,2.49
2,top right,1.25,1.25,0.0023,6.21
2,top right,1.26,1.26,0.0024,3.6
2,top right,1.11,1.11,0.0011,3.98
2,top right,1.3,1.3,0.0031,0.58
2,top right,1.18,1.18,0.0018,1.01
2,top right,1.08,1.08,0.0008,1.9
2,top right,1.2,1.2,0.0019,2.69
2,top right,1.21,1.21,0.002,3.3
2,top right,1.24,1.24,0.0021,2.01
2,top right,1.42,1.42,0.0037,2.93
2,top right,1.34,1.34,0.0029,5.43
2,top right,1.27,1.27,0.0024,1.28
2,top right,1.19,1.19,0.0018,-0.58
2,top right,1.23,1.23,0.0023,0.96
2,top right,1.13,1.13,0.0013,5.03
2,top right,1.16,1.16,0.0015,1.27
2,top right,1.26,1.26,0.0025,-0.3
2,top right,1.25,1.25,0.0024,1.71
2,top right,1.23,1.23,0.0022,-1.4
2,top right,1.17,1.17,0.0017,-5.73
2,top right,1.22,1.22,0.0022,-1.75
2,top right,1.23,1.23,0.0022,0.61
2,top right,1.22,1.22,0.002,2.4
3,middle left,1.16,1.16,0.0016,-2.87
3,middle left,1.23,1.23,0.0022,0.01
3,middle left,1.2,1.2,0.0019,0.57
3,middle left,1.37,1.37,0.0036,-1.58
3,middle left,1.19,1.19,0.0019,-2.2
3,middle left,1.09,1.09,0.0009,0.54
3,middle left,1.16,1.16,0.0016,-0.35
3,middle left,1.18,1.18,0.0018,0.27
3,middle left,1.03,1.03,0.0003,-6.16
3,middle left,1.1,1.1,0.001,3.28
3,middle left,1.07,1.07,0.0007,0.09
3,middle left,1.16,1.16,0.0017,-0.61
3,middle left,1.19,1.19,0.0019,0.03
3,middle left,1.09,1.09,0.001,-0.77
3,middle left,1.17,1.17,0.0017,2.38
3,middle left,1.22,1.22,0.0022,0.67
3,middle left,1.23,1.23,0.0022,-0.01
3,middle left,1.24,1.24,0.0024,6.94
3,middle left,1.17,1.17,0.0017,-1.16
3,middle left,1.04,1.04,0.0004,2.24
3,middle left,1.12,1.12,0.0013,0.75
3,middle left,1.24,1.24,0.0023,-1.32
3,middle left,1.25,1.25,0.0026,-1.82
3,middle left,1.16,1.16,0.0015,2.84
3,middle left,1.18,1.18,0.0018,2.93
3,middle left,1.17,1.17,0.0015,3.4
3,middle left,1.33,1.33,0.0029,2.96
3,middle left,1.24,1.24,0.0023,1.89
3,middle left,1.27,1.27,0.0024,1.99
3,middle left,1.24,1.24,0.0021,4.24
3,middle left,1.12,1.12,0.0012,3.02
3,middle left,1.29,1.29,0.0028,2.76
3,middle left,1.26,1.26,0.0025,4.0
3,middle left,1.17,1.17,0.0017,4.7
3,middle left,1.12,1.12,0.0011,0.58
3,middle left,1.12,1.12,0.0011,7.89
3,middle left,1.18,1.18,0.0018,4.5
3,middle left,1.2,1.2,0.0019,5.1
3,middle left,1.22,1.22,0.0021,1.78
3,middle left,1.22,1.22,0.0022,3.32
3,middle left,1.13,1.13,0.0013,4.26
3,middle left,1.11,1.11,0.0011,-0.07
3,middle left,1.26,1.26,0.0026,4.45
3,middle left,1.25,1.25,0.0024,3.73
3,middle left,1.06,1.06,0.0006,1.84
3,middle left,1.08,1.08,0.0009,7.04
3,middle left,1.04,1.04,0.0004,2.52
3,middle left,1.15,1.15,0.0014,7.19
3,middle left,1.2,1.2,0.0019,8.07
3,middle left,1.09,1.09,0.0009,4.18
3,middle left,1.07,1.07,0.0007,6.31
3,middle left,1.01,0.99,0.0001,1.14
3,middle left,1.08,1.08,0.0009,0.84
3,middle left,1.1,1.1,0.001,5.25
3,middle left,1.0,1.0,0.0,2.21
3,middle left,1.13,1.13,0.0012,8.55
3,middle left,1.14,1.14,0.0014,5.75
3,middle left,1.09,1.09,0.0009,3.99
3,middle left,1.22,1.22,0.0022,6.57
3,middle left,1.08,1.08,0.0008,8.08
3,middle left,1.11,1.11,0.0011,5.89
3,middle left,1.15,1.15,0.0014,4.83
3,middle left,1.14,1.14,0.0014,3.94
3,middle left,1.2,1.2,0.0019,9.51
3,middle left,1.05,1.05,0.0005,5.75
3,middle left,1.07,1.07,0.0007,8.18
3,middle left,1.08,1.08,0.0008,6.04
3,middle left,1.1,1.1,0.001,10.33
3,middle left,1.16,1.16,0.0015,5.34
3,middle left,1.08,1.08,0.0009,1.48
3,middle left,1.13,1.13,0.0013,1.11
3,middle left,1.06,1.06,0.0006,9.11
3,middle left,1.03,1.03,0.0003,3.52
3,middle left,1.0,1.0,0.0,6.43
3,middle left,1.02,1.02,0.0002,4.97
3,middle left,1.15,1.15,0.0015,6.39
3,middle left,1.09,1.09,0.0009,9.32
3,middle left,1.09,1.09,0.0009,0.67
3,middle left,1.09,1.09,0.0009,0.67
3,middle left,1.01,1.01,0.0001,6.04
3,middle left,1.04,1.04,0.0004,3.1
3,middle left,1.1,1.1,0.0009,4.29
3,middle left,1.16,1.16,0.0016,5.58
3,middle left,1.13,1.13,0.0013,3.85
3,middle left,1.06,1.06,0.0007,2.23
3,middle left,1.0,1.0,0.0,9.13
3,middle left,1.05,1.05,0.0005,9.65
3,middle left,1.06,1.06,0.0006,10.54
3,middle left,1.17,1.17,0.0017,4.48
3,middle left,1.08,1.08,0.0008,3.78
3,middle left,1.11,1.11,0.0011,6.98
3,middle left,1.05,1.05,0.0005,4.86
3,middle left,1.04,1.04,0.0004,8.84
3,middle left,1.06,1.06,0.0006,8.5
3,middle left,1.27,1.27,0.0026,6.8
3,middle left,1.14,1.14,0.0013,9.26
3,middle left,1.03,1.03,0.0003,6.37
3,middle left,1.02,1.02,0.0003,5.52
3,middle left,1.07,1.07,0.0007,7.18
3,middle left,1.11,1.11,0.001,4.35
3,middle left,1.12,1.12,0.0011,5.72
3,middle left,1.2,1.2,0.002,7.53
3,middle left,1.2,1.2,0.002,7.53
3,middle left,1.08,1.08,0.0008,6.94
3,middle left,1.0,1.0,0.0,2.98
3,middle left,1.1,1.1,0.001,4.01
3,middle left,1.05,1.05,0.0005,5.04
3,middle left,1.03,1.03,0.0003,0.73
3,middle left,1.09,1.09,0.0009,6.71
3,middle left,1.1,1.1,0.001,2.86
3,middle left,1.38,1.38,0.0031,2.0
3,middle left,1.48,1.48,0.0031,-2.85
3,middle left,1.49,1.49,0.0031,3.71
3,middle left,1.41,1.41,0.0026,-3.49
3,middle left,1.41,1.41,0.0026,-3.49
3,middle left,1.35,1.35,0.0023,-3.72
3,middle left,1.26,1.26,0.0017,-3.43
3,middle left,1.25,1.25,0.0016,-1.21
3,middle left,1.29,1.29,0.0017,-2.83
3,middle left,1.35,1.35,0.0022,-5.09
3,middle left,1.19,1.19,0.0013,-1.08
3,middle left,1.41,1.41,0.0024,-4.82
3,middle left,1.45,1.45,0.0026,-3.14
3,middle left,1.21,1.21,0.0015,-2.49
3,middle left,1.29,1.29,0.0017,-0.51
3,middle left,1.24,1.24,0.0016,-1.28
3,middle left,1.24,1.24,0.0016,-1.28
3,middle left,1.3,1.3,0.0019,-0.94
3,middle left,1.48,1.48,0.0029,0.92
3,middle left,1.34,1.34,0.0022,-4.29
3,middle left,1.43,1.43,0.0027,-2.56
3,middle left,1.63,1.63,0.0037,1.84
3,middle left,1.63,1.63,0.0037,-5.06
3,middle left,1.5,1.5,0.003,-4.57
3,middle left,1.68,1.68,0.0041,0.05
3,middle left,1.1,1.1,0.0007,-1.52
3,middle left,1.33,1.33,0.0021,-2.92
3,middle left,1.15,1.15,0.001,-3.89
3,middle left,1.09,1.09,0.0007,-1.74
3,middle left,1.14,1.14,0.001,-1.62
3,middle left,1.05,1.05,0.0004,-2.48
3,middle left,1.16,1.16,0.0012,1.22
3,middle left,1.19,1.19,0.0013,1.32
3,middle left,1.31,1.31,0.0019,5.34
3,middle left,1.25,1.25,0.0018,2.89
3,middle left,1.23,1.23,0.0016,5.52
3,middle left,1.27,1.27,0.0019,4.94
3,middle left,1.17,1.17,0.0012,6.67
3,middle left,1.24,1.24,0.0017,2.42
3,middle left,1.13,1.13,0.001,5.31
3,middle left,1.17,1.17,0.0012,9.48
3,middle left,1.3,1.3,0.0021,4.3
3,middle left,1.19,1.19,0.0014,4.66
3,middle left,1.17,1.17,0.0012,7.24
3,middle left,1.25,1.25,0.0018,3.59
3,middle left,1.22,1.22,0.0016,4.13
3,middle left,1.08,1.08,0.0007,5.19
3,middle left,1.15,1.15,0.0011,7.19
3,middle left,1.18,1.18,0.0013,3.9
3,middle left,1.15,1.15,0.0011,5.57
3,middle left,1.2,1.2,0.0015,5.97
3,middle left,1.05,1.05,0.0005,4.34
3,middle left,1.05,1.05,0.0005,4.34
3,middle left,1.11,1.11,0.0009,3.01
3,middle left,1.1,0.91,0.0008,-0.2
3,middle left,1.17,1.17,0.0012,5.2
3,middle left,1.06,1.06,0.0004,6.54
3,middle left,1.13,1.13,0.0009,4.59
3,middle left,1.05,1.05,0.0004,1.29
3,middle left,1.15,1.15,0.0009,3.5
3,middle left,1.33,1.33,0.0022,4.68
3,middle left,1.09,1.09,0.0007,9.17
3,middle left,1.15,1.15,0.0011,6.17
3,middle left,1.02,0.98,0.0002,2.58
3,middle left,1.02,0.98,0.0002,2.58
3,middle left,1.14,1.14,0.001,8.53
3,middle left,1.06,0.94,0.0005,2.69
3,middle left,1.06,0.94,0.0005,1.59
3,middle left,1.04,1.04,0.0003,2.29
3,middle left,1.1,1.1,0.0007,4.82
3,middle left,1.13,0.89,0.0009,-0.87
3,middle left,1.03,1.03,0.0003,1.54
3,middle left,1.15,1.15,0.0011,3.3
3,middle left,1.21,1.21,0.0014,0.64
3,middle left,1.06,0.94,0.0005,6.6
3,middle left,1.13,1.13,0.0009,3.81
3,middle left,1.13,1.13,0.0009,3.81
3,middle left,1.1,0.91,0.0008,4.36
3,middle left,1.03,1.03,0.0002,6.56
3,middle left,1.02,1.02,0.0002,5.04
3,middle left,1.01,1.01,0.0001,3.64
3,middle left,1.01,1.01,0.0001,4.87
3,middle left,1.05,0.96,0.0004,6.33
3,middle left,1.08,1.08,0.0006,5.08
3,middle left,1.09,1.09,0.0007,3.08
3,middle left,1.01,1.01,0.0,-0.01
3,middle left,1.03,1.03,0.0002,1.99
3,middle left,1.16,1.16,0.0011,2.47
3,middle left,1.16,1.16,0.0011,2.47
3,middle left,1.05,1.05,0.0004,3.95
3,middle left,1.12,0.9,0.0009,1.69
3,middle left,1.04,1.04,0.0003,3.17
3,middle left,1.15,1.15,0.0011,4.31
3,middle left,1.01,1.01,0.0001,4.88
3,middle left,1.07,0.93,0.0006,3.34
3,middle left,1.03,1.03,0.0003,5.53
3,middle left,1.0,1.0,0.0,4.79
3,middle left,1.03,0.97,0.0003,0.21
3,middle left,1.07,0.94,0.0006,-0.04
3,middle left,1.05,0.95,0.0004,-0.47
3,middle left,1.02,0.98,0.0001,2.66
3,middle left,1.04,1.04,0.0003,3.57
3,middle left,1.02,0.98,0.0001,1.38
3,middle left,1.14,1.14,0.0011,-1.49
3,middle left,1.03,1.03,0.0003,2.06
3,middle left,1.08,1.08,0.0006,3.37
3,middle left,1.04,1.04,0.0003,2.3
3,middle left,1.03,0.97,0.0002,1.48
3,middle left,1.12,0.89,0.0009,-1.25
3,middle left,1.1,1.1,0.0008,1.82
3,middle left,1.03,1.03,0.0002,4.85
3,middle left,1.05,1.05,0.0004,2.25
3,middle left,1.05,1.05,0.0004,2.25
3,middle left,1.21,1.21,0.0015,1.47
3,middle left,1.18,1.18,0.0014,2.99
3,middle left,1.06,1.06,0.0005,2.82
3,middle left,1.08,0.93,0.0006,0.86
3,middle left,1.1,0.91,0.0008,2.03
3,middle left,1.19,1.19,0.0013,0.7
3,middle left,1.04,1.04,0.0003,2.37
3,middle left,1.03,0.97,0.0003,1.18
3,middle left,1.03,0.97,0.0002,-0.35
3,middle left,1.07,0.94,0.0006,3.15
3,middle left,1.01,1.01,0.0001,3.86
3,middle left,1.01,1.01,0.0001,0.02
3,middle left,1.13,1.13,0.001,4.44
3,middle left,1.19,1.19,0.0015,1.17
3,middle left,1.07,0.93,0.0006,-3.61
3,middle left,1.03,1.03,0.0002,6.33
3,middle left,1.09,1.09,0.0007,3.27
3,middle left,1.03,0.97,0.0002,-4.04
3,middle left,1.01,0.99,0.0,1.36
3,middle left,1.0,1.0,0.0,-1.35
3,middle left,1.02,1.02,0.0002,5.21
3,middle left,1.03,1.03,0.0003,-0.16
3,middle left,1.08,0.92,0.0007,0.31
3,middle left,1.08,0.92,0.0007,0.31
3,middle left,1.07,1.07,0.0006,3.08
3,middle left,1.0,1.0,0.0,2.2
3,middle left,1.19,1.19,0.0013,3.13
3,middle left,1.15,1.15,0.0011,0.31
3,middle left,1.0,1.0,0.0,1.78
3,middle left,1.11,1.11,0.0008,2.98
3,middle left,1.32,1.32,0.0021,1.75
4,center,1.19,1.19,0.0014,6.25
4,center,1.19,1.19,0.0014,6.25
4,center,1.03,1.03,0.0002,2.67
4,center,1.18,1.18,0.0013,-0.12
4,center,1.08,1.08,0.0006,9.62
4,center,1.14,1.14,0.001,3.85
4,center,1.13,1.13,0.0009,6.25
4,center,1.22,1.22,0.0016,-0.2
4,center,1.2,1.2,0.0015,6.58
4,center,1.01,1.01,0.0001,2.64
4,center,1.09,1.09,0.0007,1.48
4,center,1.09,1.09,0.0008,3.02
4,center,1.09,1.09,0.0007,2.9
4,center,1.07,1.07,0.0005,2.02
4,center,1.15,0.87,0.0012,3.81
4,center,1.11,1.11,0.0008,0.53
4,center,1.1,1.1,0.0008,0.32
4,center,1.12,1.12,0.0009,1.56
4,center,1.08,1.08,0.0007,2.06
4,center,1.01,1.01,0.0001,3.18
4,center,1.13,1.13,0.001,3.8
4,center,1.18,1.18,0.0012,5.58
4,center,1.18,1.18,0.0013,1.44
4,center,1.0,1.0,0.0,-0.51
4,center,1.09,1.09,0.0007,1.9
4,center,1.09,1.09,0.0007,1.9
4,center,1.06,1.06,0.0004,1.97
4,center,1.01,0.99,0.0001,2.87
4,center,1.09,1.09,0.0007,3.72
4,center,1.02,0.98,0.0001,2.26
4,center,1.04,0.96,0.0003,0.72
4,center,1.07,0.93,0.0006,0.19
4,center,1.14,1.14,0.0011,0.46
4,center,1.02,1.02,0.0001,7.2
4,center,1.06,1.06,0.0005,7.02
4,center,1.01,0.99,0.0,1.61
4,center,1.01,0.99,0.0,1.61
4,center,1.07,1.07,0.0005,3.58
4,center,1.05,1.05,0.0004,4.29
4,center,1.18,1.18,0.0013,3.23
4,center,1.27,1.27,0.0018,1.92
4,center,1.17,1.17,0.0012,2.65
4,center,1.21,1.21,0.0014,3.57
4,center,1.01,0.99,0.0001,3.18
4,center,1.07,0.94,0.0005,1.94
4,center,1.08,1.08,0.0006,0.15
4,center,1.0,1.0,0.0,2.47
4,center,1.09,1.09,0.0007,1.04
4,center,1.09,1.09,0.0007,1.04
4,center,1.13,1.13,0.0009,4.06
4,center,1.1,0.91,0.0007,-0.44
4,center,1.06,1.06,0.0004,2.12
4,center,1.11,1.11,0.0009,5.25
4,center,1.01,0.99,0.0001,1.85
4,center,1.02,1.02,0.0001,2.52
4,center,1.2,0.83,0.0015,-0.35
4,center,1.01,1.01,0.0001,0.91
4,center,1.2,1.2,0.0013,4.4
4,center,1.06,1.06,0.0005,1.85
4,center,1.2,1.2,0.0013,3.81
4,center,1.2,1.2,0.0013,3.81
4,center,1.1,1.1,0.0008,4.78
4,center,1.2,1.2,0.0014,2.06
4,center,1.22,1.22,0.0016,0.36
4,center,1.1,1.1,0.0007,2.31
4,center,1.02,1.02,0.0001,4.3
4,center,1.35,1.35,0.0022,-0.22
4,center,1.01,1.01,0.0001,2.27
4,center,1.16,1.16,0.0011,3.2
4,center,1.15,1.15,0.0011,1.79
4,center,1.01,0.99,0.0001,5.24
4,center,1.12,1.12,0.0009,1.59
4,center,1.12,1.12,0.0009,1.59
4,center,1.05,1.05,0.0004,3.54
4,center,1.03,1.03,0.0003,4.19
4,center,1.1,1.1,0.0008,-0.98
4,center,1.19,1.19,0.0014,4.85
4,center,1.03,0.97,0.0002,1.38
4,center,1.07,1.07,0.0005,-0.28
4,center,1.03,1.03,0.0003,2.53
4,center,1.12,0.89,0.001,2.29
4,center,1.12,0.89,0.0012,-2.15
4,center,1.15,0.87,0.0013,1.05
4,center,1.18,0.85,0.0016,-1.53
4,center,1.18,0.85,0.0016,-1.53
4,center,1.12,0.89,0.0011,1.01
4,center,1.27,0.78,0.0023,4.07
4,center,1.15,0.87,0.0014,-1.49
4,center,1.26,0.79,0.0022,-1.57
4,center,1.12,0.9,0.0011,-2.17
4,center,1.06,0.94,0.0006,-3.95
4,center,1.13,0.88,0.0012,0.48
4,center,1.14,0.88,0.0013,-2.85
4,center,1.18,0.85,0.0017,-4.47
4,center,1.12,0.89,0.0011,-1.38
4,center,1.04,0.96,0.0004,-4.35
4,center,1.04,0.96,0.0004,-4.35
4,center,1.1,0.91,0.001,-0.17
4,center,1.07,0.93,0.0007,-7.73
4,center,1.05,0.96,0.0005,-4.42
4,center,1.08,0.93,0.0007,-4.54
4,center,1.06,1.06,0.0005,-1.68
4,center,1.22,0.82,0.0019,-1.68
4,center,1.07,0.94,0.0006,-2.13
4,center,1.07,1.07,0.0006,-1.41
4,center,1.02,1.02,0.0001,-0.34
4,center,1.04,1.04,0.0004,-2.19
4,center,1.0,1.0,0.0,-1.45
4,center,1.0,1.0,0.0,-1.45
4,center,1.02,0.98,0.0002,-5.95
4,center,1.01,1.01,0.0001,-9.08
4,center,1.01,1.01,0.0001,-0.24
4,center,1.13,1.13,0.0011,-2.95
4,center,1.11,1.11,0.0011,-1.18
4,center,1.03,1.03,0.0003,4.09
4,center,1.29,1.29,0.0022,-3.79
4,center,1.16,1.16,0.0014,-2.31
4,center,1.2,1.2,0.0017,-3.38
4,center,1.23,1.23,0.0018,-3.64
4,center,1.39,1.39,0.0029,-4.33
4,center,1.39,1.39,0.0029,-4.33
4,center,1.3,1.3,0.0023,0.72
4,center,1.28,1.28,0.0022,-2.82
4,center,1.24,1.24,0.002,1.39
4,center,1.35,1.35,0.0027,-2.67
4,center,1.44,1.44,0.003,-0.23
4,center,1.36,1.36,0.0028,0.28
4,center,1.18,1.18,0.0016,0.69
4,center,1.44,1.44,0.0033,-1.95
4,center,1.38,1.38,0.0029,-2.22
4,center,1.14,1.14,0.0013,-3.54
4,center,1.15,1.15,0.0013,-0.87
4,center,1.15,1.15,0.0013,-0.87
4,center,1.22,1.22,0.002,-3.56
4,center,1.07,1.07,0.0006,-1.63
4,center,1.19,1.19,0.0016,-8.15
4,center,1.2,1.2,0.0017,-5.17
4,center,1.38,1.38,0.0028,-1.65
4,center,1.31,1.31,0.0025,-0.12
4,center,1.31,1.31,0.0025,-0.77
4,center,1.33,1.33,0.0025,-1.46
4,center,1.41,1.41,0.0031,-1.5
4,center,1.29,1.29,0.0024,-2.35
4,center,1.26,1.26,0.0022,-5.36
4,center,1.26,1.26,0.0022,-5.36
4,center,1.16,1.16,0.0014,-1.28
4,center,1.26,1.26,0.0022,-7.56
4,center,1.3,1.3,0.0024,-1.8
4,center,1.26,1.26,0.0021,-6.83
4,center,1.33,1.33,0.0026,-6.77
4,center,1.27,1.27,0.0023,0.55
4,center,1.28,1.28,0.0023,-1.89
4,center,1.22,1.22,0.0018,-5.84
4,center,1.28,1.28,0.0022,-5.86
4,center,1.24,1.24,0.002,-0.58
4,center,1.23,1.23,0.0018,-9.0
4,center,1.23,1.23,0.0018,-9.0
4,center,1.26,1.26,0.0022,-6.22
4,center,1.32,1.32,0.0025,-1.99
4,center,1.21,1.21,0.0017,-7.4
4,center,1.3,1.3,0.0024,-4.74
4,center,1.31,1.31,0.0025,-3.87
4,center,1.3,1.3,0.0025,-4.27
4,center,1.23,1.23,0.0018,-7.99
4,center,1.14,1.14,0.0012,-2.36
4,center,1.44,1.44,0.0032,-3.24
4,center,1.31,1.31,0.0025,-6.07
4,center,1.24,1.24,0.0019,-6.03
4,center,1.24,1.24,0.0019,-6.03
4,center,1.24,1.24,0.0019,-1.46
4,center,1.19,1.19,0.0016,-3.67
4,center,1.21,1.21,0.0017,2.64
4,center,1.21,1.21,0.0018,-4.53
4,center,1.05,1.05,0.0004,-4.39
4,center,1.26,1.26,0.0022,0.28
4,center,1.22,1.22,0.0018,-4.29
4,center,1.21,1.21,0.0018,-0.19
4,center,1.09,1.09,0.0008,-7.36
4,center,1.17,1.17,0.0015,-6.48
4,center,1.31,1.31,0.0025,-2.77
4,center,1.31,1.31,0.0025,-2.77
4,center,1.22,1.22,0.0017,-4.07
4,center,1.18,1.18,0.0016,0.41
4,center,1.39,1.39,0.003,-5.08
4,center,1.18,1.18,0.0015,-5.16
4,center,1.29,1.29,0.0023,-3.04
4,center,1.19,1.19,0.0017,-6.27
4,center,1.08,1.08,0.0007,-4.31
4,center,1.14,1.14,0.0012,-5.2
4,center,1.01,1.01,0.0001,-7.26
4,center,1.09,1.09,0.0008,-4.31
4,center,1.0,1.0,0.0,-4.04
4,center,1.0,1.0,0.0,-4.04
4,center,1.07,1.07,0.0006,-4.92
4,center,1.22,1.22,0.0017,1.42
4,center,1.22,1.22,0.0017,-4.02
4,center,1.24,1.24,0.0018,-2.89
4,center,1.23,1.23,0.0019,-3.38
4,center,1.18,1.18,0.0016,-1.63
4,center,1.25,1.25,0.0019,-5.99
4,center,1.22,1.22,0.0019,-5.45
4,center,1.13,1.13,0.0012,-5.72
4,center,1.09,1.09,0.0008,-4.1
4,center,1.14,1.14,0.0013,-5.73
4,center,1.14,1.14,0.0013,-5.73
4,center,1.03,1.03,0.0003,-4.79
4,center,1.09,1.09,0.0008,-3.13
4,center,1.41,1.41,0.003,-6.4
4,center,1.31,1.31,0.0024,-0.92
4,center,1.25,1.25,0.002,-3.19
4,center,1.07,1.07,0.0006,-3.07
4,center,1.08,0.92,0.0007,0.45
4,center,1.16,1.16,0.0013,1.61
4,center,1.14,1.14,0.0012,-0.64
4,center,1.24,1.24,0.002,-4.14
4,center,1.15,1.15,0.0013,-1.93
4,center,1.15,1.15,0.0013,-1.93
4,center,1.31,1.31,0.0027,-2.42
4,center,1.28,1.28,0.0025,-2.65
4,center,1.28,1.28,0.0024,-2.14
4,center,1.36,1.36,0.0029,-2.3
4,center,1.19,1.19,0.0016,1.04
4,center,1.34,1.34,0.0027,-3.74
4,center,1.14,1.14,0.0012,-3.51
4,center,1.12,1.12,0.0011,-5.35
4,center,1.24,1.24,0.0019,-4.42
4,center,1.25,1.25,0.0021,-5.6
4,center,1.21,1.21,0.0018,-2.86
4,center,1.21,1.21,0.0018,-2.86
4,center,1.15,1.15,0.0014,-4.53
4,center,1.21,1.21,0.0018,-5.08
4,center,1.24,1.24,0.0021,-2.32
4,center,1.14,1.14,0.0012,-4.39
4,center,1.23,1.23,0.002,-2.42
4,center,1.19,1.19,0.0016,-4.61
4,center,1.18,1.18,0.0015,-7.56
4,center,1.26,1.26,0.0021,-1.76
5,middle right,1.21,1.21,0.0018,-0.01
5,middle right,1.09,1.09,0.0008,-5.26
5,middle right,1.15,1.15,0.0014,-2.46
5,middle right,1.29,1.29,0.0023,-5.42
5,middle right,1.16,1.16,0.0013,-6.22
5,middle right,1.18,1.18,0.0015,-3.65
5,middle right,1.34,1.34,0.0027,-3.4
5,middle right,1.14,1.14,0.0012,-2.17
5,middle right,1.1,1.1,0.001,-0.92
5,middle right,1.11,1.11,0.001,-4.72
5,middle right,1.18,1.18,0.0015,1.67
5,middle right,1.27,1.27,0.0022,-1.63
5,middle right,1.27,1.27,0.0022,-1.63
5,middle right,1.12,1.12,0.0011,0.04
5,middle right,1.19,1.19,0.0015,-4.43
5,middle right,1.22,1.22,0.0019,-4.08
5,middle right,1.3,1.3,0.0022,-5.13
5,middle right,1.23,1.23,0.0018,-2.51
5,middle right,1.27,1.27,0.0021,-1.92
5,middle right,1.24,1.24,0.002,-5.85
5,middle right,1.31,1.31,0.0025,-3.1
5,middle right,1.3,1.3,0.0025,-1.81
5,middle right,1.29,1.29,0.0023,0.34
5,middle right,1.27,1.27,0.0021,1.26
5,middle right,1.27,1.27,0.0021,1.26
5,middle right,1.29,1.29,0.0022,-3.73
5,middle right,1.3,1.3,0.0023,-0.82
5,middle right,1.23,1.23,0.0018,-1.7
5,middle right,1.31,1.31,0.0024,-1.9
5,middle right,1.24,1.24,0.0019,-3.77
5,middle right,1.31,1.31,0.0025,-6.24
5,middle right,1.28,1.28,0.0022,-6.53
5,middle right,1.22,1.22,0.0019,-3.0
5,middle right,1.19,1.19,0.0016,-6.93
5,middle right,1.38,1.38,0.0029,-7.71
5,middle right,1.16,1.16,0.0014,-6.98
5,middle right,1.16,1.16,0.0014,-6.98
5,middle right,1.22,1.22,0.0018,-6.46
5,middle right,1.34,1.34,0.0025,-6.61
5,middle right,1.27,1.27,0.0022,-3.35
5,middle right,1.4,1.4,0.0032,-3.11
5,middle right,1.26,1.26,0.0021,-5.1
5,middle right,1.31,1.31,0.0024,-5.11
5,middle right,1.29,1.29,0.0024,-5.43
5,middle right,1.3,1.3,0.0024,-5.12
5,middle right,1.28,1.28,0.0021,-3.77
5,middle right,1.3,1.3,0.0023,-3.85
5,middle right,1.3,1.3,0.0023,-3.85
5,middle right,1.24,1.24,0.0021,-4.53
5,middle right,1.2,1.2,0.0017,-6.83
5,middle right,1.13,1.13,0.0012,-8.39
5,middle right,1.17,1.17,0.0014,-4.64
5,middle right,1.21,1.21,0.0018,-3.38
5,middle right,1.29,1.29,0.0023,-4.36
5,middle right,1.23,1.23,0.0019,-2.4
5,middle right,1.27,1.27,0.0022,-5.17
5,middle right,1.21,1.21,0.0018,-5.38
5,middle right,1.24,1.24,0.0019,-3.5
5,middle right,1.25,1.25,0.0021,-5.49
5,middle right,1.25,1.25,0.0021,-5.49
5,middle right,1.29,1.29,0.0024,-1.82
5,middle right,1.15,1.15,0.0014,-7.15
5,middle right,1.33,1.33,0.0027,-6.92
5,middle right,1.22,1.22,0.0019,-2.99
5,middle right,1.13,1.13,0.0012,0.25
5,middle right,1.17,1.17,0.0015,-5.13
5,middle right,1.03,0.97,0.0004,-5.75
5,middle right,1.02,1.02,0.0002,-4.2
5,middle right,1.05,1.05,0.0005,-7.09
5,middle right,1.09,1.09,0.0009,-5.29
5,middle right,1.07,1.07,0.0008,-1.98
5,middle right,1.07,1.07,0.0008,-1.98
5,middle right,1.14,1.14,0.0014,-2.9
5,middle right,1.16,1.16,0.0015,-4.94
5,middle right,1.16,1.16,0.0016,-0.04
5,middle right,1.04,1.04,0.0004,-5.73
5,middle right,1.15,1.15,0.0015,-3.93
5,middle right,1.04,1.04,0.0004,-6.84
5,middle right,1.1,1.1,0.001,-4.99
5,middle right,1.2,1.2,0.0019,-1.29
5,middle right,1.23,1.23,0.0021,-3.02
5,middle right,1.2,1.2,0.0019,-1.48
5,middle right,1.07,1.07,0.0006,-5.39
5,middle right,1.07,1.07,0.0006,-5.39
5,middle right,1.23,1.23,0.0021,-3.15
5,middle right,1.21,1.21,0.002,-3.44
5,middle right,1.1,1.1,0.001,-3.62
5,middle right,1.3,1.3,0.0027,-3.25
5,middle right,1.22,1.22,0.002,-3.17
5,middle right,1.24,1.24,0.0023,-4.71
5,middle right,1.22,1.22,0.002,-4.74
5,middle right,1.14,1.14,0.0013,-1.53
5,middle right,1.24,1.24,0.0022,-0.99
5,middle right,1.13,1.13,0.0012,0.49
5,middle right,1.24,1.24,0.0022,-4.29
5,middle right,1.24,1.24,0.0022,-4.29
5,middle right,1.2,1.2,0.0019,-2.55
5,middle right,1.0,1.0,0.0,-7.84
5,middle right,1.12,1.12,0.0012,-3.13
5,middle right,1.23,1.23,0.0021,-6.67
5,middle right,1.2,1.2,0.002,-6.98
5,middle right,1.0,1.0,0.0,-8.62
5,middle right,1.09,1.09,0.0009,-5.91
5,middle right,1.05,1.05,0.0005,-4.65
5,middle right,1.08,1.08,0.0008,-6.33
5,middle right,1.02,1.02,0.0002,-6.48
5,middle right,1.18,1.18,0.0017,-8.71
5,middle right,1.18,1.18,0.0017,-8.71
5,middle right,1.1,1.1,0.001,-8.09
5,middle right,1.02,1.02,0.0002,-7.2
5,middle right,1.11,1.11,0.0011,-6.64
5,middle right,1.05,0.95,0.0005,-8.27
5,middle right,1.19,1.19,0.0019,-12.83
5,middle right,1.21,1.21,0.0023,-6.99
5,middle right,1.32,1.32,0.0034,-1.68
5,middle right,1.36,1.36,0.0041,-6.01
5,middle right,1.12,1.12,0.0013,-3.57
5,middle right,1.26,1.26,0.0027,3.57
5,middle right,1.11,1.11,0.0012,-8.54
5,middle right,1.11,1.11,0.0012,-8.54
5,middle right,1.1,1.1,0.0011,-9.48
5,middle right,1.19,1.19,0.0019,-10.09
5,middle right,1.26,1.26,0.0028,-7.71
5,middle right,1.38,1.38,0.0035,-10.0
5,middle right,1.16,1.16,0.0017,-12.75
5,middle right,1.22,1.22,0.0023,-7.59
5,middle right,1.17,1.17,0.0017,-5.83
5,middle right,1.03,1.03,0.0003,-3.48
5,middle right,1.21,1.21,0.002,-6.33
5,middle right,1.23,1.23,0.0022,-7.16
5,middle right,1.23,1.23,0.0022,-3.52
5,middle right,1.23,1.23,0.0022,-3.52
5,middle right,1.12,1.12,0.0013,-4.5
5,middle right,1.0,1.0,0.0,-4.88
5,middle right,1.04,1.04,0.0004,-4.49
5,middle right,1.04,1.04,0.0004,-0.9
5,middle right,1.2,1.2,0.0018,-1.73
5,middle right,1.14,1.14,0.0013,-5.45
5,middle right,1.21,1.21,0.0021,-4.35
5,middle right,1.29,1.29,0.0026,-2.32
5,middle right,1.12,1.12,0.0011,-4.13
5,middle right,1.14,1.14,0.0013,-0.18
5,middle right,1.14,1.14,0.0012,-6.02
5,middle right,1.14,1.14,0.0012,-6.02
5,middle right,1.24,1.24,0.0022,-6.44
5,middle right,1.05,1.05,0.0005,-6.98
5,middle right,1.44,1.44,0.0043,-13.07
5,middle right,1.35,1.35,0.0034,-3.67
5,middle right,1.28,1.28,0.0028,-4.04
5,middle right,1.38,1.38,0.0037,-7.71
5,middle right,1.16,1.16,0.0016,-1.63
5,middle right,1.2,1.2,0.002,-8.0
5,middle right,1.22,1.22,0.0021,1.87
5,middle right,1.12,1.12,0.0012,-0.22
5,middle right,1.05,1.05,0.0006,-0.13
5,middle right,1.05,1.05,0.0006,-0.13
5,middle right,1.13,1.13,0.0012,-5.36
5,middle right,1.27,1.27,0.0024,0.35
5,middle right,1.22,1.22,0.002,-3.2
5,middle right,1.19,1.19,0.0018,1.62
5,middle right,1.21,1.21,0.0019,-3.48
5,middle right,1.19,1.19,0.0018,-1.44
5,middle right,1.26,1.26,0.0025,-3.71
5,middle right,1.14,1.14,0.0015,-3.66
5,middle right,1.08,1.08,0.0008,-5.12
5,middle right,1.15,1.15,0.0014,-2.78
5,middle right,1.18,1.18,0.0017,0.9
5,middle right,1.18,1.18,0.0017,0.9
5,middle right,1.14,1.14,0.0014,-0.09
5,middle right,1.11,1.11,0.0012,3.47
5,middle right,1.08,1.08,0.0009,1.15
5,middle right,1.26,1.26,0.0024,1.0
5,middle right,1.26,1.26,0.0023,-1.06
5,middle right,1.13,1.13,0.0012,-5.84
5,middle right,1.08,1.08,0.0007,-0.34
5,middle right,1.24,1.24,0.0023,-2.82
5,middle right,1.08,1.08,0.0008,-4.55
5,middle right,1.24,1.24,0.0024,4.85
5,middle right,1.44,1.44,0.0038,3.5
5,middle right,1.44,1.44,0.0038,3.5
5,middle right,1.01,0.99,0.0001,0.67
5,middle right,1.2,1.2,0.0019,4.1
5,middle right,1.29,1.29,0.0027,1.11
5,middle right,1.2,1.2,0.002,4.14
5,middle right,1.21,1.21,0.002,-1.79
5,middle right,1.21,1.21,0.002,1.07
5,middle right,1.23,1.23,0.0023,2.57
5,middle right,1.3,1.3,0.0028,-0.66
5,middle right,1.28,1.28,0.0025,2.18
5,middle right,1.26,1.26,0.0023,2.99
5,middle right,1.28,1.28,0.0026,3.65
5,middle right,1.28,1.28,0.0026,3.65
5,middle right,1.24,1.24,0.0022,-3.37
5,middle right,1.24,1.24,0.0021,-1.29
5,middle right,1.35,1.35,0.0031,3.39
5,middle right,1.29,1.29,0.0024,2.39
5,middle right,1.27,1.27,0.0024,0.76
5,middle right,1.34,1.34,0.003,3.66
5,middle right,1.26,1.26,0.0024,2.56
5,middle right,1.35,1.35,0.003,1.7
5,middle right,1.34,1.34,0.0031,-1.17
5,middle right,1.4,1.4,0.0034,0.28
5,middle right,1.59,1.59,0.0048,6.11
5,middle right,1.59,1.59,0.0048,6.11
5,middle right,1.33,1.33,0.003,-0.88
5,middle right,1.48,1.48,0.0039,-0.97
5,middle right,1.43,1.43,0.0038,1.45
5,middle right,1.2,1.2,0.0017,2.35
5,middle right,1.38,1.38,0.003,3.07
5,middle right,1.29,1.29,0.0027,1.41
5,middle right,1.42,1.42,0.0036,-0.94
5,middle right,1.38,1.38,0.0034,-0.23
5,middle right,1.53,1.53,0.0041,-1.92
5,middle right,1.51,1.51,0.004,-3.58
5,middle right,1.66,1.66,0.005,1.07
5,middle right,1.66,1.66,0.005,1.07
5,middle right,1.23,1.23,0.0021,-1.63
5,middle right,1.41,1.41,0.0034,2.9
5,middle right,1.17,1.17,0.0015,9.74
5,middle right,1.13,1.13,0.0013,4.58
5,middle right,1.27,1.27,0.0025,4.21
5,middle right,1.48,1.48,0.004,-0.77
5,middle right,1.45,1.45,0.0039,1.16
5,middle right,1.52,1.52,0.0041,6.06
5,middle right,1.25,1.25,0.0022,7.6
5,middle right,1.36,1.36,0.0032,4.54
5,middle right,1.22,1.22,0.002,4.54
5,middle right,1.22,1.22,0.002,4.54
5,middle right,1.57,1.57,0.0043,7.48
5,middle right,1.51,1.51,0.004,4.84
5,middle right,1.4,1.4,0.0034,-0.03
5,middle right,1.4,1.4,0.0032,2.41
5,middle right,1.23,1.23,0.002,0.3
5,middle right,1.13,1.13,0.0012,1.03
5,middle right,1.71,1.71,0.0052,5.46
5,middle right,1.74,1.74,0.0054,8.75
5,middle right,1.57,1.57,0.0043,5.02
5,middle right,1.69,1.69,0.0052,1.62
5,middle right,1.5,1.5,0.0043,2.3
5,middle right,1.5,1.5,0.0043,2.3
5,middle right,1.63,1.63,0.0049,4.88
5,middle right,1.52,1.52,0.0039,7.46
5,middle right,1.76,1.76,0.0054,-1.64
5,middle right,1.63,1.63,0.0051,0.79
5,middle right,1.55,1.55,0.0044,2.45
6,bottom left,1.52,1.52,0.0042,3.45
6,bottom left,1.48,1.48,0.004,2.64
6,bottom left,1.67,1.67,0.0048,2.36
6,bottom left,1.57,1.57,0.0044,2.54
6,bottom left,1.55,1.55,0.0045,3.04
6,bottom left,1.58,1.58,0.0048,3.06
6,bottom left,1.66,1.66,0.0052,3.25
6,bottom left,1.35,1.35,0.0034,-5.96
6,bottom left,1.51,1.51,0.0044,-3.14
6,bottom left,1.85,1.85,0.0062,2.19
6,bottom left,1.53,1.53,0.0043,4.12
6,bottom left,1.61,1.61,0.0051,-3.69
6,bottom left,1.58,1.58,0.0045,-0.55
6,bottom left,1.49,1.49,0.0041,-3.78
6,bottom left,1.66,1.66,0.0052,-0.93
6,bottom left,1.66,1.66,0.0052,-0.93
6,bottom left,1.53,1.53,0.0041,5.88
6,bottom left,1.47,1.47,0.004,4.57
6,bottom left,1.36,1.36,0.0027,2.71
6,bottom left,1.64,1.64,0.005,-2.22
6,bottom left,1.33,1.33,0.0031,3.39
6,bottom left,1.31,1.31,0.0031,2.55
6,bottom left,1.38,1.38,0.0037,-5.32
6,bottom left,1.47,1.47,0.0044,7.67
6,bottom left,1.51,1.51,0.0047,4.47
6,bottom left,1.38,1.38,0.0035,2.56
6,bottom left,1.38,1.38,0.0035,-7.49
6,bottom left,1.38,1.38,0.0035,-7.49
6,bottom left,1.45,1.45,0.0038,-3.53
6,bottom left,1.73,1.73,0.0061,-0.25
6,bottom left,1.57,1.57,0.0049,-5.79
6,bottom left,1.75,1.75,0.0063,-1.64
6,bottom left,1.51,1.51,0.0046,-5.64
6,bottom left,1.85,1.85,0.0064,-0.82
6,bottom left,1.49,1.49,0.004,4.69
6,bottom left,1.61,1.61,0.005,-7.13
6,bottom left,1.73,1.73,0.0063,-8.25
6,bottom left,1.61,1.61,0.0054,-1.24
6,bottom left,1.61,1.61,0.0054,-1.24
6,bottom left,1.53,1.53,0.0047,-4.64
6,bottom left,1.54,1.54,0.0049,-1.5
6,bottom left,1.84,1.84,0.0067,0.46
6,bottom left,1.56,1.56,0.0047,-3.43
6,bottom left,1.56,1.56,0.0047,1.7
6,bottom left,1.4,1.4,0.0038,6.31
6,bottom left,1.54,1.54,0.005,-0.72
6,bottom left,1.41,1.41,0.0039,-0.4
6,bottom left,1.45,1.45,0.0042,5.28
6,bottom left,1.55,1.55,0.0055,2.34
6,bottom left,1.51,1.51,0.005,-4.77
6,bottom left,1.51,1.51,0.005,-4.77
6,bottom left,1.66,1.66,0.006,-2.89
6,bottom left,1.05,1.05,0.0006,-3.45
6,bottom left,1.23,1.23,0.0025,-1.59
6,bottom left,1.7,1.7,0.006,6.61
6,bottom left,1.87,1.87,0.0071,-0.98
6,bottom left,1.58,1.58,0.0046,2.8
6,bottom left,1.29,1.29,0.0027,-0.98
6,bottom left,1.56,1.56,0.0044,0.22
6,bottom left,1.51,1.51,0.0041,5.55
6,bottom left,1.43,1.43,0.0037,5.41
6,bottom left,1.75,1.75,0.0059,8.2
6,bottom left,1.75,1.75,0.0059,8.2
6,bottom left,1.75,1.75,0.0056,9.22
6,bottom left,1.64,1.64,0.005,6.41
6,bottom left,1.68,1.68,0.0056,4.79
6,bottom left,1.57,1.57,0.0045,7.5
6,bottom left,1.36,1.36,0.0035,0.32
6,bottom left,1.89,1.89,0.0065,5.34
6,bottom left,1.6,1.6,0.0051,5.62
6,bottom left,1.37,1.37,0.0036,2.08
6,bottom left,1.31,1.31,0.0028,3.96
6,bottom left,1.57,1.57,0.0046,8.41
6,bottom left,1.52,1.52,0.0043,2.27
6,bottom left,1.52,1.52,0.0043,2.27
6,bottom left,1.21,1.21,0.0022,-2.78
6,bottom left,1.46,1.46,0.004,4.42
6,bottom left,1.4,1.4,0.0039,10.83
6,bottom left,1.47,1.47,0.0047,0.26
6,bottom left,1.48,1.48,0.0049,8.52
6,bottom left,1.69,1.69,0.0065,-5.66
6,bottom left,1.93,1.93,0.008,-1.15
6,bottom left,1.53,1.53,0.0053,-8.44
6,bottom left,1.45,1.45,0.0047,-1.06
6,bottom left,1.67,1.67,0.0063,-4.84
6,bottom left,1.49,1.49,0.0047,-9.65
6,bottom left,1.49,1.49,0.0047,-9.65
6,bottom left,1.51,1.51,0.0051,-7.3
6,bottom left,1.49,1.49,0.0042,1.73
6,bottom left,1.38,1.38,0.0035,-11.02
6,bottom left,1.58,1.58,0.0048,-2.34
6,bottom left,1.44,1.44,0.0034,-0.25
6,bottom left,1.56,1.56,0.0037,-4.66
6,bottom left,1.54,1.54,0.0036,0.31
6,bottom left,1.5,1.5,0.0035,3.41
6,bottom left,1.3,1.3,0.0022,3.83
6,bottom left,1.27,1.27,0.0021,1.05
6,bottom left,1.36,1.36,0.0027,5.1
6,bottom left,1.36,1.36,0.0027,5.1
6,bottom left,1.26,1.26,0.0019,5.59
6,bottom left,1.41,1.41,0.0026,8.68
6,bottom left,1.16,1.16,0.0014,2.02
6,bottom left,1.31,1.31,0.0021,6.49
6,bottom left,1.6,1.6,0.0038,7.73
6,bottom left,1.29,1.29,0.0021,-4.18
6,bottom left,1.2,1.2,0.0016,2.83
6,bottom left,1.1,1.1,0.0008,6.88
6,bottom left,1.03,1.03,0.0003,-0.55
6,bottom left,1.02,0.98,0.0002,-5.44
6,bottom left,1.22,1.22,0.0015,1.57
6,bottom left,1.22,1.22,0.0015,1.57
6,bottom left,1.13,1.13,0.001,2.58
6,bottom left,1.25,1.25,0.0018,-0.6
6,bottom left,1.03,1.03,0.0002,1.81
6,bottom left,1.21,1.21,0.0014,3.52
6,bottom left,1.01,1.01,0.0001,3.01
6,bottom left,1.02,1.02,0.0002,7.0
6,bottom left,1.03,0.97,0.0002,1.19
6,bottom left,1.09,1.09,0.0006,7.61
6,bottom left,1.04,1.04,0.0003,1.91
6,bottom left,1.04,0.96,0.0003,3.41
6,bottom left,1.04,0.96,0.0004,0.95
6,bottom left,1.04,0.96,0.0004,0.95
6,bottom left,1.07,0.93,0.0006,0.76
6,bottom left,1.0,1.0,0.0,4.22
6,bottom left,1.04,1.04,0.0004,4.4
6,bottom left,1.07,1.07,0.0006,-0.79
6,bottom left,1.03,1.03,0.0002,3.21
6,bottom left,1.13,1.13,0.001,5.9
6,bottom left,1.01,0.99,0.0001,1.26
6,bottom left,1.04,1.04,0.0003,4.31
6,bottom left,1.06,1.06,0.0005,4.06
6,bottom left,1.08,0.93,0.0007,0.11
6,bottom left,1.09,1.09,0.0007,5.1
6,bottom left,1.09,1.09,0.0007,5.1
6,bottom left,1.01,1.01,0.0001,6.72
6,bottom left,1.16,0.86,0.0014,1.79
6,bottom left,1.07,1.07,0.0006,6.56
6,bottom left,1.15,0.87,0.0013,2.93
6,bottom left,1.02,0.98,0.0002,-3.99
6,bottom left,1.21,0.82,0.0018,-1.46
6,bottom left,1.19,0.84,0.0015,-5.52
6,bottom left,1.09,1.09,0.0008,-2.45
6,bottom left,1.29,0.78,0.0023,-4.69
6,bottom left,1.14,0.88,0.0012,-1.29
6,bottom left,1.07,0.93,0.0006,-1.06
6,bottom left,1.07,0.93,0.0006,-1.06
6,bottom left,1.11,0.9,0.0009,-1.68
6,bottom left,1.06,0.95,0.0005,-2.7
6,bottom left,1.19,0.84,0.0015,-2.5
6,bottom left,1.07,0.94,0.0006,-0.02
6,bottom left,1.22,0.82,0.0018,0.36
6,bottom left,1.05,0.96,0.0004,1.99
6,bottom left,1.33,0.75,0.0026,0.64
6,bottom left,1.19,0.84,0.0015,1.99
6,bottom left,1.28,0.78,0.0022,3.93
6,bottom left,1.17,0.86,0.0014,-0.6
6,bottom left,1.19,0.84,0.0015,0.63
6,bottom left,1.19,0.84,0.0015,0.63
6,bottom left,1.29,0.77,0.0024,6.29
6,bottom left,1.22,0.82,0.0018,4.19
6,bottom left,1.22,0.82,0.0018,5.27
6,bottom left,1.14,1.14,0.0012,4.15
6,bottom left,1.05,1.05,0.0005,4.2
6,bottom left,1.26,0.8,0.002,-1.26
6,bottom left,1.11,1.11,0.0008,6.15
6,bottom left,1.15,0.87,0.0013,5.94
6,bottom left,1.08,1.08,0.0007,5.41
6,bottom left,1.07,0.93,0.0007,2.95
6,bottom left,1.15,0.87,0.0013,3.13
6,bottom left,1.15,0.87,0.0013,3.13
6,bottom left,1.02,1.02,0.0002,3.53
6,bottom left,1.14,0.88,0.0012,5.11
6,bottom left,1.26,0.79,0.002,7.96
6,bottom left,1.14,0.88,0.0011,5.69
6,bottom left,1.14,0.87,0.0012,6.17
6,bottom left,1.28,0.78,0.0023,-2.85
6,bottom left,1.19,0.84,0.0015,2.0
6,bottom left,1.25,0.8,0.0021,-5.42
6,bottom left,1.48,0.68,0.0037,-7.4
6,bottom left,1.19,0.84,0.0014,-4.44
6,bottom left,1.33,0.75,0.0025,-2.38
6,bottom left,1.33,0.75,0.0025,-2.38
6,bottom left,1.62,0.62,0.0044,-6.81
6,bottom left,1.17,0.86,0.0015,-1.01
6,bottom left,1.14,0.88,0.0012,-0.72
6,bottom left,1.36,0.73,0.0029,-2.16
6,bottom left,1.1,0.91,0.0008,4.52
6,bottom left,1.21,0.82,0.0018,2.27
6,bottom left,1.04,0.96,0.0004,3.25
6,bottom left,1.23,0.81,0.002,2.99
6,bottom left,1.04,0.96,0.0004,4.14
6,bottom left,1.12,0.89,0.0011,3.95
6,bottom left,1.02,0.98,0.0001,-1.08
6,bottom left,1.02,0.98,0.0001,-1.08
6,bottom left,1.14,0.88,0.0012,2.08
6,bottom left,1.1,0.91,0.0008,2.8
6,bottom left,1.03,1.03,0.0002,4.13
6,bottom left,1.11,1.11,0.0009,5.44
6,bottom left,1.06,0.95,0.0004,3.65
6,bottom left,1.05,1.05,0.0004,5.99
6,bottom left,1.07,0.94,0.0005,5.4
6,bottom left,1.0,1.0,0.0,6.14
6,bottom left,1.09,0.92,0.0007,5.08
6,bottom left,1.08,0.93,0.0007,8.85
6,bottom left,1.05,1.05,0.0004,7.42
6,bottom left,1.05,1.05,0.0004,7.42
6,bottom left,1.02,1.02,0.0002,3.76
6,bottom left,1.01,0.99,0.0001,2.44
6,bottom left,1.21,1.21,0.0015,8.24
6,bottom left,1.23,0.81,0.0018,3.54
6,bottom left,1.2,0.83,0.0016,4.62
6,bottom left,1.21,0.83,0.0017,-0.65
6,bottom left,1.17,0.85,0.0015,3.75
6,bottom left,1.17,0.86,0.0013,2.71
6,bottom left,1.2,0.83,0.0017,2.79
6,bottom left,1.19,0.84,0.0016,-6.43
6,bottom left,1.18,0.85,0.0015,-3.34
6,bottom left,1.18,0.85,0.0015,-3.34
6,bottom left,1.07,0.93,0.0006,-2.79
6,bottom left,1.02,0.98,0.0002,4.35
6,bottom left,1.03,0.98,0.0002,1.72
6,bottom left,1.03,0.97,0.0003,5.27
6,bottom left,1.07,1.07,0.0007,-0.26
6,bottom left,1.12,0.9,0.0011,5.26
6,bottom left,1.08,1.08,0.0008,5.62
6,bottom left,1.08,1.08,0.0007,6.49
6,bottom left,1.1,1.1,0.001,3.2
6,bottom left,1.03,0.97,0.0003,4.12
6,bottom left,1.08,0.92,0.0007,1.52
6,bottom left,1.08,0.92,0.0007,1.52
6,bottom left,1.26,0.79,0.0022,-1.35
6,bottom left,1.2,0.83,0.0017,1.39
6,bottom left,1.11,0.9,0.0009,-3.62
6,bottom left,1.07,0.93,0.0007,3.84
6,bottom left,1.09,0.92,0.0008,0.42
6,bottom left,1.18,0.85,0.0016,1.23
6,bottom left,1.1,0.91,0.0008,3.74
6,bottom left,1.04,0.96,0.0003,3.76
6,bottom left,1.04,1.04,0.0003,6.78
6,bottom left,1.16,0.86,0.0013,6.77
6,bottom left,1.12,0.89,0.0009,5.57
6,bottom left,1.12,0.89,0.0009,5.57
6,bottom left,1.05,1.05,0.0004,9.47
6,bottom left,1.1,1.1,0.0008,6.98
6,bottom left,1.0,1.0,0.0,6.08
6,bottom left,1.32,1.32,0.0024,5.91
6,bottom left,1.01,0.99,0.0001,4.06
7,bottom center,1.17,0.85,0.0014,4.16
7,bottom center,1.0,1.0,0.0,0.61
7,bottom center,1.09,0.92,0.0008,0.58
7,bottom center,1.11,0.9,0.001,-0.92
7,bottom center,1.15,0.87,0.0013,0.99
7,bottom center,1.12,0.89,0.0011,2.94
7,bottom center,1.16,0.86,0.0014,1.02
7,bottom center,1.19,0.84,0.0016,0.05
7,bottom center,1.08,0.92,0.0008,3.31
7,bottom center,1.27,0.79,0.0023,4.19
7,bottom center,1.12,0.89,0.0011,2.69
7,bottom center,1.24,0.81,0.0021,-3.17
7,bottom center,1.02,0.98,0.0002,4.56
7,bottom center,1.18,0.85,0.0016,0.62
7,bottom center,1.16,0.86,0.0013,-1.73
7,bottom center,1.16,0.86,0.0013,-1.73
7,bottom center,1.18,0.85,0.0015,2.48
7,bottom center,1.1,0.91,0.0009,4.62
7,bottom center,1.27,0.79,0.0023,-2.36
7,bottom center,1.04,0.97,0.0003,2.92
7,bottom center,1.22,0.82,0.002,-2.2
7,bottom center,1.47,0.68,0.0038,-0.45
7,bottom center,1.66,0.6,0.005,2.23
7,bottom center,1.38,0.73,0.0024,-2.19
7,bottom center,1.34,0.75,0.0024,2.25
7,bottom center,1.82,0.55,0.0054,10.25
7,bottom center,1.82,0.55,0.0054,10.25
7,bottom center,1.51,0.66,0.0033,1.44
7,bottom center,1.42,0.71,0.0028,3.1
7,bottom center,2.02,0.5,0.0065,3.35
7,bottom center,1.84,0.54,0.0052,6.69
7,bottom center,1.9,0.53,0.0055,2.6
7,bottom center,1.8,0.56,0.005,9.18
7,bottom center,1.74,0.57,0.0047,7.34
7,bottom center,1.96,0.51,0.0057,-2.67
7,bottom center,1.69,0.59,0.0046,3.87
7,bottom center,1.42,0.71,0.0027,-0.09
7,bottom center,1.28,0.78,0.002,3.92
7,bottom center,1.28,0.78,0.002,3.92
7,bottom center,1.13,0.88,0.001,6.56
7,bottom center,1.01,1.01,0.0001,6.68
7,bottom center,1.01,1.01,0.0001,6.44
7,bottom center,1.01,0.99,0.0001,6.04
7,bottom center,1.01,0.99,0.0,0.74
7,bottom center,1.09,0.92,0.0008,1.8
7,bottom center,1.13,1.13,0.0012,2.99
7,bottom center,1.05,0.96,0.0004,2.18
7,bottom center,1.07,1.07,0.0006,0.42
7,bottom center,1.08,1.08,0.0008,-0.08
7,bottom center,1.14,0.88,0.0013,-4.56
7,bottom center,1.14,0.88,0.0013,-4.56
7,bottom center,1.23,0.81,0.0021,-1.28
7,bottom center,1.19,0.84,0.0018,-2.29
7,bottom center,1.15,0.87,0.0014,-0.15
7,bottom center,1.11,0.9,0.0011,1.7
7,bottom center,1.04,0.96,0.0004,-5.43
7,bottom center,1.01,1.01,0.0001,2.06
7,bottom center,1.01,0.99,0.0001,-1.26
7,bottom center,1.06,0.95,0.0005,1.76
7,bottom center,1.01,1.01,0.0001,1.13
7,bottom center,1.01,0.99,0.0001,0.86
7,bottom center,1.09,0.92,0.0007,4.78
7,bottom center,1.09,0.92,0.0007,4.78
7,bottom center,1.07,1.07,0.0006,0.55
7,bottom center,1.06,0.94,0.0005,5.14
7,bottom center,1.07,1.07,0.0005,9.01
7,bottom center,1.01,0.99,0.0001,7.68
7,bottom center,1.04,1.04,0.0003,10.45
7,bottom center,1.16,1.16,0.0012,10.73
7,bottom center,1.12,1.12,0.0008,9.43
7,bottom center,1.07,1.07,0.0005,9.95
7,bottom center,1.13,1.13,0.001,10.87
7,bottom center,1.15,1.15,0.0011,10.71
7,bottom center,1.22,1.22,0.0016,9.97
7,bottom center,1.22,1.22,0.0016,9.97
7,bottom center,1.11,1.11,0.0008,9.04
7,bottom center,1.18,1.18,0.0014,10.24
7,bottom center,1.04,1.04,0.0003,8.56
7,bottom center,1.02,1.02,0.0002,8.6
7,bottom center,1.09,1.09,0.0007,7.38
7,bottom center,1.04,0.97,0.0003,4.77
7,bottom center,1.05,1.05,0.0004,2.36
7,bottom center,1.07,0.94,0.0006,1.34
7,bottom center,1.17,1.17,0.0015,0.22
7,bottom center,1.03,0.97,0.0003,1.25
7,bottom center,1.0,1.0,0.0,3.12
7,bottom center,1.0,1.0,0.0,3.12
7,bottom center,1.01,1.01,0.0001,-1.01
7,bottom center,1.01,0.99,0.0001,-2.33
7,bottom center,1.08,1.08,0.0008,1.47
7,bottom center,1.06,1.06,0.0005,-4.51
7,bottom center,1.13,1.13,0.0012,-1.5
7,bottom center,1.13,1.13,0.0012,-0.04
7,bottom center,1.1,0.91,0.001,-1.87
7,bottom center,1.09,0.91,0.0009,-3.97
7,bottom center,1.07,1.07,0.0007,-0.64
7,bottom center,1.01,1.01,0.0001,4.14
7,bottom center,1.0,1.0,0.0,2.31
7,bottom center,1.0,1.0,0.0,2.31
7,bottom center,1.04,0.96,0.0004,3.82
7,bottom center,1.0,1.0,0.0,2.48
7,bottom center,1.19,1.19,0.0018,3.1
7,bottom center,1.11,1.11,0.0011,-2.42
7,bottom center,1.07,1.07,0.0008,-2.83
7,bottom center,1.09,1.09,0.0008,-3.63
7,bottom center,1.04,1.04,0.0004,-2.32
7,bottom center,1.43,1.43,0.0035,-1.44
7,bottom center,1.29,1.29,0.0025,-2.56
7,bottom center,1.27,1.27,0.0022,-0.91
7,bottom center,1.41,1.41,0.0034,-1.55
7,bottom center,1.41,1.41,0.0034,-1.55
7,bottom center,1.24,1.24,0.002,0.99
7,bottom center,1.19,1.19,0.0017,-0.35
7,bottom center,1.26,1.26,0.0022,-4.93
7,bottom center,1.25,1.25,0.0022,-1.19
7,bottom center,1.37,1.37,0.003,-1.78
7,bottom center,1.29,1.29,0.0023,-2.04
7,bottom center,1.3,1.3,0.0024,0.99
7,bottom center,1.21,1.21,0.0019,-1.61
7,bottom center,1.22,1.22,0.0019,-3.53
7,bottom center,1.22,1.22,0.0019,0.59
7,bottom center,1.29,1.29,0.0024,1.82
7,bottom center,1.29,1.29,0.0024,1.82
7,bottom center,1.1,1.1,0.0009,-0.3
7,bottom center,1.14,1.14,0.0013,2.14
7,bottom center,1.04,0.96,0.0004,-9.61
7,bottom center,1.01,1.01,0.0001,1.9
7,bottom center,1.05,1.05,0.0005,0.06
7,bottom center,1.01,1.01,0.0001,-3.05
7,bottom center,1.05,1.05,0.0005,-7.51
7,bottom center,1.06,0.95,0.0005,-1.45
7,bottom center,1.12,0.9,0.0011,-2.58
7,bottom center,1.13,0.88,0.0012,0.33
7,bottom center,1.06,1.06,0.0006,2.83
7,bottom center,1.06,1.06,0.0006,2.83
7,bottom center,1.11,1.11,0.0011,-1.82
7,bottom center,1.11,1.11,0.0011,-3.48
7,bottom center,1.13,1.13,0.0013,0.36
7,bottom center,1.18,1.18,0.0019,1.8
7,bottom center,1.28,1.28,0.0032,7.21
7,bottom center,1.17,0.85,0.002,-2.95
7,bottom center,1.15,1.15,0.0018,2.21
7,bottom center,1.07,1.07,0.0009,5.93
7,bottom center,1.03,1.03,0.0003,-1.55
7,bottom center,1.17,1.17,0.0022,-2.77
7,bottom center,1.05,1.05,0.0006,-2.86
7,bottom center,1.05,1.05,0.0006,-2.86
7,bottom center,1.33,1.33,0.0036,-2.75
7,bottom center,1.16,1.16,0.0019,3.98
7,bottom center,1.13,1.13,0.0015,-1.84
7,bottom center,1.16,1.16,0.0015,-4.97
7,bottom center,1.13,1.13,0.0012,-3.95
7,bottom center,1.23,1.23,0.002,-4.26
7,bottom center,1.28,1.28,0.0024,-2.41
7,bottom center,1.26,1.26,0.0022,-1.94
7,bottom center,1.31,1.31,0.0026,-5.49
7,bottom center,1.23,1.23,0.002,-3.28
7,bottom center,1.22,1.22,0.0019,-2.24
7,bottom center,1.22,1.22,0.0019,-2.24
7,bottom center,1.17,1.17,0.0014,0.0
7,bottom center,1.07,1.07,0.0007,-1.94
7,bottom center,1.15,1.15,0.0014,-2.0
7,bottom center,1.12,1.12,0.0012,2.01
7,bottom center,1.02,1.02,0.0002,-4.3
7,bottom center,1.02,0.98,0.0002,-7.23
7,bottom center,1.0,1.0,0.0,-4.6
7,bottom center,1.12,1.12,0.001,0.38
7,bottom center,1.0,1.0,0.0001,-5.35
7,bottom center,1.09,0.92,0.0008,-1.38
7,bottom center,1.19,0.84,0.0016,-8.24
7,bottom center,1.19,0.84,0.0016,-8.24
7,bottom center,1.2,1.2,0.0017,1.55
7,bottom center,1.08,0.93,0.0008,0.41
7,bottom center,1.07,0.93,0.0007,3.55
7,bottom center,1.18,1.18,0.0017,0.53
7,bottom center,1.01,0.99,0.0001,-1.35
7,bottom center,1.0,1.0,0.0,-1.63
7,bottom center,1.16,1.16,0.0015,4.89
7,bottom center,1.02,0.99,0.0002,-0.09
7,bottom center,1.05,1.05,0.0005,1.68
7,bottom center,1.15,1.15,0.0015,0.21
7,bottom center,1.26,1.26,0.0025,2.86
7,bottom center,1.26,1.26,0.0025,2.86
7,bottom center,1.09,0.91,0.0009,-1.56
7,bottom center,1.04,0.96,0.0004,-5.32
7,bottom center,1.05,1.05,0.0005,-4.29
7,bottom center,1.07,0.94,0.0007,-4.39
7,bottom center,1.08,1.08,0.0008,-2.83
7,bottom center,1.05,0.96,0.0004,-1.43
7,bottom center,1.06,1.06,0.0006,-2.35
7,bottom center,1.01,1.01,0.0001,1.11
7,bottom center,1.19,1.19,0.0016,0.52
7,bottom center,1.07,1.07,0.0007,-2.09
7,bottom center,1.33,1.33,0.0028,-1.49
7,bottom center,1.33,1.33,0.0028,-1.49
7,bottom center,1.35,1.35,0.0027,-2.83
7,bottom center,1.32,1.32,0.0026,-2.04
7,bottom center,1.12,1.12,0.001,3.73
7,bottom center,1.27,1.27,0.0022,0.36
7,bottom center,1.32,1.32,0.0025,4.26
7,bottom center,1.28,1.28,0.0022,3.64
7,bottom center,1.36,1.36,0.0028,3.44
7,bottom center,1.29,1.29,0.0024,-1.54
7,bottom center,1.3,1.3,0.0026,-3.34
7,bottom center,1.02,1.02,0.0002,2.07
7,bottom center,1.16,1.16,0.0014,0.42
7,bottom center,1.16,1.16,0.0014,0.42
7,bottom center,1.23,1.23,0.0019,2.5
7,bottom center,1.09,1.09,0.0009,0.21
7,bottom center,1.21,1.21,0.0019,-1.72
7,bottom center,1.0,1.0,0.0,-3.84
7,bottom center,1.01,0.99,0.0001,-3.19
7,bottom center,1.03,0.97,0.0003,-0.44
7,bottom center,1.05,1.05,0.0005,-0.67
7,bottom center,1.14,1.14,0.0013,3.69
7,bottom center,1.2,1.2,0.0019,0.98
7,bottom center,1.02,1.02,0.0002,-2.3
7,bottom center,1.04,1.04,0.0004,-10.67
7,bottom center,1.04,1.04,0.0004,-10.67
7,bottom center,1.1,1.1,0.001,-6.28
7,bottom center,1.27,1.27,0.0025,-4.53
7,bottom center,1.17,1.17,0.0016,0.55
7,bottom center,1.05,1.05,0.0005,1.83
7,bottom center,1.04,1.04,0.0003,-1.56
7,bottom center,1.03,1.03,0.0003,-3.44
7,bottom center,1.03,0.97,0.0003,-5.25
7,bottom center,1.01,0.99,0.0001,-2.59
7,bottom center,1.03,1.03,0.0003,4.44
7,bottom center,1.15,1.15,0.0014,-1.5
7,bottom center,1.05,0.95,0.0005,-7.1
7,bottom center,1.05,0.95,0.0005,-7.1
7,bottom center,1.1,1.1,0.0009,-2.63
7,bottom center,1.14,1.14,0.0013,-2.76
7,bottom center,1.15,1.15,0.0014,3.6
7,bottom center,1.02,1.02,0.0002,-3.18
7,bottom center,1.15,1.15,0.0013,-4.37
7,bottom center,1.03,0.97,0.0003,-2.55
7,bottom center,1.15,1.15,0.0014,-5.02
7,bottom center,1.23,1.23,0.002,1.17
7,bottom center,1.12,1.12,0.0012,-1.36
7,bottom center,1.11,1.11,0.001,-5.63
7,bottom center,1.02,1.02,0.0002,-3.04
7,bottom center,1.02,1.02,0.0002,-3.04
7,bottom center,1.05,1.05,0.0005,4.25
7,bottom center,1.07,1.07,0.0007,-5.24
7,bottom center,1.13,0.89,0.0012,-5.49
7,bottom center,1.0,1.0,0.0,-3.19
7,bottom center,1.01,0.99,0.0001,-5.12
8,bottom right,1.01,0.99,0.0001,0.6
8,bottom right,1.04,1.04,0.0003,-5.51
8,bottom right,1.14,1.14,0.0013,0.33
8,bottom right,1.19,0.84,0.0016,-2.91
8,bottom right,1.03,1.03,0.0004,-0.34
8,bottom right,1.1,1.1,0.0011,0.96
8,bottom right,1.21,1.21,0.0019,0.72
8,bottom right,1.16,1.16,0.0015,1.45
8,bottom right,1.16,1.16,0.0014,4.48
8,bottom right,1.11,1.11,0.0011,3.46
8,bottom right,1.07,1.07,0.0007,2.17
8,bottom right,1.38,1.38,0.0031,0.36
8,bottom right,1.13,1.13,0.0011,-2.33
8,bottom right,1.11,1.11,0.0011,-4.95
8,bottom right,1.11,1.11,0.0011,-4.95
8,bottom right,1.28,1.28,0.0022,-3.46
8,bottom right,1.47,1.47,0.0037,-9.89
8,bottom right,1.29,1.29,0.0023,-5.61
8,bottom right,1.21,1.21,0.0016,-0.91
8,bottom right,1.43,1.43,0.0035,-3.5
8,bottom right,1.51,1.51,0.0039,-6.17
8,bottom right,1.29,1.29,0.0024,-1.94
8,bottom right,1.46,1.46,0.0035,5.61
8,bottom right,1.56,1.56,0.004,4.86
8,bottom right,1.83,1.83,0.0057,9.1
8,bottom right,1.54,1.54,0.0039,1.56
8,bottom right,1.54,1.54,0.0039,1.56
8,bottom right,1.66,1.66,0.0045,3.94
8,bottom right,1.5,1.5,0.0037,6.34
8,bottom right,1.58,1.58,0.0044,-4.08
8,bottom right,1.38,1.38,0.0028,5.26
8,bottom right,1.55,1.55,0.0042,1.08
8,bottom right,1.52,1.52,0.0039,0.38
8,bottom right,1.33,1.33,0.0028,-0.7
8,bottom right,1.39,1.39,0.0031,1.09
8,bottom right,1.32,1.32,0.0027,2.41
8,bottom right,1.37,1.37,0.0028,-1.54
8,bottom right,1.36,1.36,0.0029,-2.66
8,bottom right,1.36,1.36,0.0029,-2.66
8,bottom right,1.31,1.31,0.0026,-7.59
8,bottom right,1.02,1.02,0.0002,4.15
8,bottom right,1.1,1.1,0.001,-3.36
8,bottom right,1.0,1.0,0.0,-2.93
8,bottom right,1.03,0.97,0.0003,-2.54
8,bottom right,1.0,1.0,0.0,-2.81
8,bottom right,1.13,0.89,0.0012,-2.0
8,bottom right,1.22,0.82,0.0018,-6.25
8,bottom right,1.06,0.94,0.0006,-1.76
8,bottom right,1.09,0.92,0.0008,0.28
8,bottom right,1.17,1.17,0.0018,-0.16
8,bottom right,1.17,1.17,0.0018,-0.16
8,bottom right,1.1,1.1,0.001,-4.38
8,bottom right,1.06,1.06,0.0006,-7.12
8,bottom right,1.12,1.12,0.0012,-6.17
8,bottom right,1.15,1.15,0.0014,-7.08
8,bottom right,1.17,1.17,0.0018,-0.77
8,bottom right,1.13,1.13,0.0013,-2.08
8,bottom right,1.01,1.01,0.0001,-2.12
8,bottom right,1.13,1.13,0.0012,-4.28
8,bottom right,1.04,0.96,0.0004,-4.37
8,bottom right,1.05,1.05,0.0005,-8.77
8,bottom right,1.14,1.14,0.0013,-5.3
8,bottom right,1.14,1.14,0.0013,-5.3
8,bottom right,1.12,1.12,0.0012,-2.24
8,bottom right,1.11,1.11,0.001,-3.37
8,bottom right,1.12,1.12,0.0012,0.79
8,bottom right,1.21,1.21,0.0019,2.09
8,bottom right,1.07,1.07,0.0007,-0.05
8,bottom right,1.03,1.03,0.0003,2.1
8,bottom right,1.08,0.93,0.0007,1.78
8,bottom right,1.19,1.19,0.0016,3.39
8,bottom right,1.15,1.15,0.0014,3.29
8,bottom right,1.28,1.28,0.0025,-1.29
8,bottom right,1.06,1.06,0.0006,-4.92
8,bottom right,1.06,1.06,0.0006,-4.92
8,bottom right,1.23,1.23,0.002,-6.55
8,bottom right,1.24,1.24,0.002,-4.43
8,bottom right,1.44,1.44,0.0036,-2.46
8,bottom right,1.25,1.25,0.0021,-2.73
8,bottom right,1.25,1.25,0.0023,-4.69
8,bottom right,1.31,1.31,0.0028,-0.37
8,bottom right,1.33,1.33,0.0029,-3.44
8,bottom right,1.27,1.27,0.0024,-0.28
8,bottom right,1.37,1.37,0.0033,0.45
8,bottom right,1.43,1.43,0.0039,-0.37
8,bottom right,1.5,1.5,0.0046,-2.81
8,bottom right,1.5,1.5,0.0046,-2.81
8,bottom right,1.39,1.39,0.0037,2.2
8,bottom right,1.36,1.36,0.0035,-2.18
8,bottom right,1.55,1.55,0.005,-3.19
8,bottom right,1.44,1.44,0.0039,-2.93
8,bottom right,1.51,1.51,0.0047,-6.08
8,bottom right,1.31,1.31,0.0032,-4.79
8,bottom right,1.51,1.51,0.0046,-4.61
8,bottom right,1.46,1.46,0.0041,-7.83
8,bottom right,1.5,1.5,0.0044,-11.27
8,bottom right,1.38,1.38,0.0037,-10.07
8,bottom right,1.38,1.38,0.0037,-10.07
8,bottom right,1.43,1.43,0.0038,-6.42
8,bottom right,1.52,1.52,0.0048,-6.57
8,bottom right,1.56,1.56,0.0051,-8.26
8,bottom right,1.57,1.57,0.0051,-8.74
8,bottom right,1.71,1.71,0.0067,-9.86
8,bottom right,1.38,1.38,0.0034,-9.86
8,bottom right,1.55,1.55,0.0047,-5.57
8,bottom right,1.57,1.57,0.0049,-8.74
8,bottom right,1.53,1.53,0.0045,-5.97
8,bottom right,1.56,1.56,0.0051,-3.16
8,bottom right,1.44,1.44,0.0041,-0.71
8,bottom right,1.44,1.44,0.0041,-0.71
8,bottom right,1.43,1.43,0.0041,-3.78
8,bottom right,1.63,1.63,0.0054,-3.34
8,bottom right,1.36,1.36,0.0034,-6.11
8,bottom right,1.46,1.46,0.0042,3.14
8,bottom right,1.63,1.63,0.0054,-3.54
8,bottom right,1.49,1.49,0.0043,-4.88
8,bottom right,1.62,1.62,0.0056,-1.13
8,bottom right,1.63,1.63,0.0055,-0.52
8,bottom right,1.53,1.53,0.0046,-4.0
8,bottom right,1.41,1.41,0.0039,-7.74
8,bottom right,1.33,1.33,0.0029,-9.33
8,bottom right,1.33,1.33,0.0029,-9.33
8,bottom right,1.4,1.4,0.0037,-10.06
8,bottom right,1.48,1.48,0.0045,-10.97
8,bottom right,1.63,1.63,0.0059,-17.31
8,bottom right,1.67,1.67,0.0062,-10.94
8,bottom right,1.49,1.49,0.0044,-11.76
8,bottom right,1.49,1.49,0.0044,-10.11
8,bottom right,1.55,1.55,0.0051,-4.51
8,bottom right,1.54,1.54,0.005,-7.22
8,bottom right,1.49,1.49,0.0042,-8.13
8,bottom right,1.47,1.47,0.0042,-4.67
8,bottom right,1.39,1.39,0.0035,-10.0
8,bottom right,1.39,1.39,0.0035,-10.0
8,bottom right,1.45,1.45,0.0042,-11.47
8,bottom right,1.35,1.35,0.0034,-6.23
8,bottom right,1.51,1.51,0.0048,-0.23
8,bottom right,1.39,1.39,0.0036,-9.39
8,bottom right,1.26,1.26,0.0026,-5.11
8,bottom right,1.56,1.56,0.0052,-2.83
8,bottom right,1.39,1.39,0.0035,-8.07
8,bottom right,1.51,1.51,0.0047,-5.52
8,bottom right,1.47,1.47,0.0043,-3.67
8,bottom right,1.56,1.56,0.0051,-7.17
8,bottom right,1.44,1.44,0.0042,-9.76
8,bottom right,1.44,1.44,0.0042,-9.76
8,bottom right,1.48,1.48,0.0044,-8.25
8,bottom right,1.52,1.52,0.0048,-6.91
8,bottom right,1.47,1.47,0.0045,-7.64
8,bottom right,1.59,1.59,0.005,-11.34
8,bottom right,1.43,1.43,0.004,-4.99
8,bottom right,1.45,1.45,0.0042,-10.72
8,bottom right,1.27,1.27,0.0025,-8.68
8,bottom right,1.69,1.69,0.006,-6.37
8,bottom right,1.48,1.48,0.0047,-8.17
8,bottom right,1.58,1.58,0.0056,-8.37
8,bottom right,1.59,1.59,0.0054,-9.02
8,bottom right,1.59,1.59,0.0054,-9.02
8,bottom right,1.45,1.45,0.004,-6.97
8,bottom right,1.6,1.6,0.0053,-6.13
8,bottom right,1.77,1.77,0.0066,-3.83
8,bottom right,1.54,1.54,0.0048,-2.75
8,bottom right,1.7,1.7,0.0062,-4.27
8,bottom right,1.65,1.65,0.0057,-5.34
8,bottom right,1.47,1.47,0.0044,-6.29
8,bottom right,1.66,1.66,0.0058,-9.94
8,bottom right,1.44,1.44,0.0042,-10.84
8,bottom right,1.58,1.58,0.005,-8.19
8,bottom right,1.58,1.58,0.0053,-4.79
8,bottom right,1.58,1.58,0.0053,-4.79
8,bottom right,1.57,1.57,0.0052,-3.33
8,bottom right,1.63,1.63,0.006,-4.88
8,bottom right,1.6,1.6,0.0053,-2.4
8,bottom right,1.62,1.62,0.0053,-5.22
8,bottom right,1.71,1.71,0.0062,-1.65
8,bottom right,1.65,1.65,0.0058,-0.43
8,bottom right,1.65,1.65,0.0059,-7.1
8,bottom right,1.54,1.54,0.005,-3.92
8,bottom right,1.77,1.77,0.0068,-0.15
8,bottom right,1.67,1.67,0.0057,-4.66
8,bottom right,1.28,1.28,0.0028,0.79
8,bottom right,1.28,1.28,0.0028,0.79
8,bottom right,1.7,1.7,0.0062,-3.24
8,bottom right,1.37,1.37,0.0033,-4.33
8,bottom right,1.43,1.43,0.0039,-0.37
8,bottom right,1.54,1.54,0.0049,-2.76
8,bottom right,1.45,1.45,0.0042,-6.32
8,bottom right,1.65,1.65,0.0062,-8.89
8,bottom right,1.3,1.3,0.0033,-6.95
8,bottom right,1.41,1.41,0.0043,-9.44
8,bottom right,1.7,1.7,0.007,-9.04
8,bottom right,1.61,1.61,0.0055,-4.21
8,bottom right,1.61,1.61,0.0059,-10.12
8,bottom right,1.61,1.61,0.0059,-10.12
8,bottom right,1.47,1.47,0.0044,-11.52
8,bottom right,1.29,1.29,0.0028,1.52
8,bottom right,1.6,1.6,0.0053,-5.97
8,bottom right,1.73,1.73,0.0063,-6.02
8,bottom right,1.45,1.45,0.004,-6.11
8,bottom right,1.5,1.5,0.0048,-2.37
8,bottom right,1.62,1.62,0.0058,-4.95
8,bottom right,1.57,1.57,0.005,-2.24
8,bottom right,1.65,1.65,0.0057,-4.23
8,bottom right,1.53,1.53,0.0051,-6.7
8,bottom right,1.52,1.52,0.0048,-4.97
8,bottom right,1.52,1.52,0.0048,-4.97
8,bottom right,1.5,1.5,0.0046,-2.61
8,bottom right,1.46,1.46,0.0042,-7.18
8,bottom right,1.68,1.68,0.0057,-6.19
8,bottom right,1.6,1.6,0.0053,-8.42
8,bottom right,1.53,1.53,0.0048,-4.71
8,bottom right,1.5,1.5,0.0045,-7.37
8,bottom right,1.37,1.37,0.0033,-3.62
8,bottom right,1.52,1.52,0.0048,-5.82
8,bottom right,1.36,1.36,0.0034,-5.39
8,bottom right,1.67,1.67,0.0055,-4.94
8,bottom right,1.48,1.48,0.0046,-8.61
8,bottom right,1.48,1.48,0.0046,-8.61
8,bottom right,1.48,1.48,0.0044,-1.77
8,bottom right,1.58,1.58,0.0049,-4.76
8,bottom right,1.43,1.43,0.0041,-5.47
8,bottom right,1.58,1.58,0.0051,-9.97
8,bottom right,1.54,1.54,0.0051,-9.5
8,bottom right,1.33,1.33,0.0031,-4.96
8,bottom right,1.54,1.54,0.0051,-6.78
8,bottom right,1.59,1.59,0.0054,-6.73
8,bottom right,1.39,1.39,0.0035,-6.15
8,bottom right,1.52,1.52,0.0048,-4.82
8,bottom right,1.53,1.53,0.0049,-5.03
8,bottom right,1.53,1.53,0.0049,-5.03
8,bottom right,1.58,1.58,0.0052,-0.78
8,bottom right,1.58,1.58,0.0053,-5.91
8,bottom right,1.55,1.55,0.0049,-3.15
8,bottom right,1.48,1.48,0.0042,-2.94
8,bottom right,1.56,1.56,0.0054,-6.11
8,bottom right,1.37,1.37,0.0035,-6.54
8,bottom right,1.55,1.55,0.0048,-8.63
8,bottom right,1.62,1.62,0.0056,-9.6
8,bottom right,1.43,1.43,0.0042,-9.27
8,bottom right,1.46,1.46,0.0047,-3.76
8,bottom right,1.53,1.53,0.0055,-6.83
8,bottom right,1.53,1.53,0.0055,-6.83
8,bottom right,1.46,1.46,0.0044,-7.93
8,bottom right,1.5,1.5,0.0045,-4.69
8,bottom right,1.51,1.51,0.0049,-6.28
8,bottom right,1.39,1.39,0.0036,-5.36
8,bottom right,1.48,1.48,0.0046,-7.16
8,bottom right,1.53,1.53,0.0044,-3.01
8,bottom right,1.45,1.45,0.004,-9.01
8,bottom right,1.52,1.52,0.0047,-9.39
8,bottom right,1.64,1.64,0.0056,-5.72
8,bottom right,1.58,1.58,0.0053,-10.73
8,bottom right,1.56,1.56,0.0051,-8.52
